""	"1"	"2"	"3"	"4"	"5"	"6"	"7"	"8"	"9"	"10"	"11"	"12"	"13"	"14"	"15"	"16"	"label"
"128110"	0.403305785123967	0.533884297520661	0.373553719008264	0.431404958677686	0.236363636363636	0.00826446280991736	0.00661157024793388	0.00495867768595041	1e-05	1e-05	1e-05	1e-05	1e-05	1e-05	1e-05	1e-05	"c"
"128120"	0.385987261146497	0.643312101910828	0.523566878980892	0.335031847133758	0.0522292993630573	0.0394904458598726	1e-05	1e-05	1e-05	1e-05	1e-05	1e-05	1e-05	1e-05	1e-05	1e-05	"c"
"128123"	0.325	0.663461538461538	0.465384615384615	0.386538461538462	0.0846153846153846	0.0230769230769231	0.0442307692307692	1e-05	1e-05	1e-05	1e-05	1e-05	1e-05	1e-05	1e-05	1e-05	"c"
"128124"	0.316129032258064	0.553225806451613	0.406451612903226	0.503225806451613	0.151612903225806	0.0209677419354839	0.0370967741935484	0.00806451612903226	0.00161290322580645	1e-05	1e-05	1e-05	1e-05	1e-05	1e-05	1e-05	"c"
"128137"	0.236781609195402	0.733333333333333	0.416091954022988	0.425287356321839	0.147126436781609	0.00689655172413793	0.00229885057471264	0.00919540229885057	0.00689655172413793	0.00689655172413793	0.00459770114942529	0	0.00229885057471264	1e-05	1e-05	1e-05	"c"
"128142"	0.391111111111111	0.653333333333333	0.413333333333333	0.257777777777778	0.257777777777778	0.00444444444444444	0.00444444444444444	1e-05	1e-05	1e-05	1e-05	1e-05	1e-05	1e-05	1e-05	1e-05	"c"
"128143"	0.340625	0.678125	0.4875	0.31875	0.125	0.0125	0.0125	1e-05	1e-05	1e-05	1e-05	1e-05	1e-05	1e-05	1e-05	1e-05	"c"
"396607"	0.412962962962963	0.675925925925926	0.407407407407407	0.312962962962963	0.146296296296296	0.0111111111111111	0.0222222222222222	0.00740740740740741	1e-05	1e-05	1e-05	1e-05	1e-05	1e-05	1e-05	1e-05	"c"
"396608"	0.371966527196653	0.789539748953975	0.611715481171548	0.0903765690376569	0.117573221757322	0.0117154811715481	0.00334728033472803	0.000836820083682008	0.00125523012552301	1e-05	1e-05	1e-05	1e-05	1e-05	1e-05	1e-05	"c"
"9559195"	0.416393442622951	0.626229508196721	0.416393442622951	0.275409836065574	0.188524590163934	0.0131147540983607	0.0114754098360656	0.0344262295081967	0.0147540983606557	0.00163934426229508	0	0	0	1e-05	1e-05	1e-05	"c"
"9559196"	0.457575757575758	0.706060606060606	0.418181818181818	0.189393939393939	0.162121212121212	0.0106060606060606	0.0257575757575758	0.0196969696969697	1e-05	1e-05	1e-05	1e-05	1e-05	1e-05	1e-05	1e-05	"c"
"9559229"	0.388232104121475	0.595932754880694	0.358622559652928	0.397776572668113	0.256399132321041	0.00244034707158351	0.000379609544468547	0.000162689804772234	0	0	0	0	0	0	1e-05	1e-05	"c"
"9559230"	0.394071856287425	0.617724550898204	0.383892215568862	0.356706586826347	0.242694610778443	0.00215568862275449	0.00173652694610778	0.000718562874251497	5.98802395209581e-05	5.98802395209581e-05	0.000119760479041916	0	1e-05	1e-05	1e-05	1e-05	"c"
"9559237"	0.406896551724138	0.772413793103448	0.455172413793103	0.137931034482759	0.213793103448276	0.00689655172413793	0	1e-05	1e-05	1e-05	1e-05	1e-05	1e-05	1e-05	1e-05	1e-05	"c"
"9559249"	0.387341772151899	0.79746835443038	0.546835443037975	0.0405063291139241	0.222784810126582	0	0.00253164556962025	0	1e-05	1e-05	1e-05	1e-05	1e-05	1e-05	1e-05	1e-05	"c"
"9559257"	0.494117647058824	1.10196078431373	0.142483660130719	0.230065359477124	0.0300653594771242	0	0	1e-05	1e-05	1e-05	1e-05	1e-05	1e-05	1e-05	1e-05	1e-05	"c"
"9559258"	0.316666666666667	1.13333333333333	0.15	0.133333333333333	0.0833333333333333	0.05	0.116666666666667	0	0	0	1e-05	1e-05	1e-05	1e-05	1e-05	1e-05	"c"
"9559259"	0.512087912087912	1.04835164835165	0.178021978021978	0.175824175824176	0.0791208791208791	0	0.0043956043956044	1e-05	1e-05	1e-05	1e-05	1e-05	1e-05	1e-05	1e-05	1e-05	"c"
"9559266"	0.493742017879949	0.872413793103448	0.26117496807152	0.271902937420179	0.0722860791826309	0.0106002554278416	0.00996168582375479	0.00498084291187739	0.00191570881226054	0.000510855683269476	0.000127713920817369	0	0.000127713920817369	1e-05	1e-05	1e-05	"c"
"9559268"	0.513725490196078	0.959477124183007	0.171241830065359	0.299346405228758	0.0457516339869281	0.00392156862745098	0.00261437908496732	1e-05	1e-05	1e-05	1e-05	1e-05	1e-05	1e-05	1e-05	1e-05	"c"
"9559269"	0.44	0.746666666666667	0.466666666666667	0.146666666666667	0	0.146666666666667	1e-05	1e-05	1e-05	1e-05	1e-05	1e-05	1e-05	1e-05	1e-05	1e-05	"c"
"9559270"	0.2	1.6	0	0	0	0	1e-05	1e-05	1e-05	1e-05	1e-05	1e-05	1e-05	1e-05	1e-05	1e-05	"c"
"9559271"	0.425225225225225	1.17117117117117	0.181981981981982	0.203603603603604	0.0144144144144144	0.0018018018018018	0	1e-05	1e-05	1e-05	1e-05	1e-05	1e-05	1e-05	1e-05	1e-05	"c"
"9559273"	0.307975460122699	0.624539877300613	0.561963190184049	0.458282208588957	0.0392638036809816	0.00306748466257669	1e-05	1e-05	1e-05	1e-05	1e-05	1e-05	1e-05	1e-05	1e-05	1e-05	"c"
"9559284"	0.411688311688312	0.651948051948052	0.384415584415584	0.277922077922078	0.236363636363636	0.0142857142857143	0.00909090909090909	0.0103896103896104	0.0025974025974026	0	1e-05	1e-05	1e-05	1e-05	1e-05	1e-05	"c"
"9559285"	0.354666666666667	0.730666666666667	0.496	0.346666666666667	0.056	0.00533333333333333	0.008	1e-05	1e-05	1e-05	1e-05	1e-05	1e-05	1e-05	1e-05	1e-05	"c"
"9559299"	0.425925925925926	0.87037037037037	0.390740740740741	0.248148148148148	0.0518518518518519	0.0037037037037037	0.0037037037037037	0.0037037037037037	0	1e-05	1e-05	1e-05	1e-05	1e-05	1e-05	1e-05	"c"
"9559300"	0.6	0.6	0.6	0	0	0	0	0	1e-05	1e-05	1e-05	1e-05	1e-05	1e-05	1e-05	1e-05	"c"
"9559324"	0.2	1.4	0.2	0	0	1e-05	1e-05	1e-05	1e-05	1e-05	1e-05	1e-05	1e-05	1e-05	1e-05	1e-05	"c"
"9559325"	0.339622641509434	0.626415094339623	0.267924528301887	0.475471698113208	0.186792452830189	0.0509433962264151	0.00943396226415094	0.0188679245283019	0.0207547169811321	0.00188679245283019	0	0	0	0	0	1e-05	"c"
"9559326"	0.361303462321792	1.13890020366599	0.186558044806517	0.180855397148676	0.0725050916496945	0.0566191446028513	0.00162932790224033	0.000407331975560081	0.000407331975560081	0	0	0.000407331975560081	0	0	0	1e-05	"c"
"9559327"	0.4	1.28286852589641	0.0888446215139442	0.194820717131474	0.0139442231075697	0.0103585657370518	0.00796812749003984	1e-05	1e-05	1e-05	1e-05	1e-05	1e-05	1e-05	1e-05	1e-05	"c"
"9559332"	0.411864406779661	0.766101694915254	0.477118644067797	0.13135593220339	0.153389830508475	0.00593220338983051	0.011864406779661	0.0152542372881356	0.0203389830508475	1e-05	1e-05	1e-05	1e-05	1e-05	1e-05	1e-05	"c"
"9559334"	0.388888888888889	0.866666666666667	0.466666666666667	0.0444444444444444	0.211111111111111	0.0111111111111111	1e-05	1e-05	1e-05	1e-05	1e-05	1e-05	1e-05	1e-05	1e-05	1e-05	"c"
"9559335"	0.475	0.8375	0.425	0.05	0.2	1e-05	1e-05	1e-05	1e-05	1e-05	1e-05	1e-05	1e-05	1e-05	1e-05	1e-05	"c"
"9559336"	0.53	0.89	0.536	0.032	1e-05	1e-05	1e-05	1e-05	1e-05	1e-05	1e-05	1e-05	1e-05	1e-05	1e-05	1e-05	"c"
"9559394"	0.410810810810811	0.794594594594595	0.524324324324324	0.124324324324324	0.140540540540541	0	0	0	1e-05	1e-05	1e-05	1e-05	1e-05	1e-05	1e-05	1e-05	"c"
"9559395"	0.575	0.7	0.4625	0.0875	0.1375	1e-05	1e-05	1e-05	1e-05	1e-05	1e-05	1e-05	1e-05	1e-05	1e-05	1e-05	"c"
"9559396"	0.323456790123457	0.741975308641975	0.508641975308642	0.220987654320988	0.130864197530864	0.0160493827160494	0.0160493827160494	0.0246913580246914	0.0135802469135802	1e-05	1e-05	1e-05	1e-05	1e-05	1e-05	1e-05	"c"
"9559397"	0.47	0.846	0.572	0.07	1e-05	1e-05	1e-05	1e-05	1e-05	1e-05	1e-05	1e-05	1e-05	1e-05	1e-05	1e-05	"c"
"9559399"	0.543478260869565	0.760869565217391	0.38695652173913	0.0478260869565217	0.0608695652173913	0.0869565217391304	0.0652173913043478	0	0	0.0217391304347826	0.00869565217391304	0.0130434782608696	1e-05	1e-05	1e-05	1e-05	"c"
"9559411"	0.472995780590717	0.686497890295359	0.308016877637131	0.411392405063291	0.0578059071729958	0.0181434599156118	0.029535864978903	0.0118143459915612	0.0029535864978903	0.000421940928270042	0	0	0	0	1e-05	1e-05	"c"
"9559413"	0.433783783783784	0.978378378378378	0.198648648648649	0.262162162162162	0.077027027027027	0.027027027027027	0.0189189189189189	0.0027027027027027	1e-05	1e-05	1e-05	1e-05	1e-05	1e-05	1e-05	1e-05	"c"
"9559414"	0.344099378881988	0.627329192546584	0.452173913043478	0.232298136645963	0.195031055900621	0	0.0397515527950311	0.0248447204968944	0.0248447204968944	0.0173913043478261	0.0211180124223602	0.00993788819875776	0.00993788819875776	1e-05	1e-05	1e-05	"c"
"9559415"	0.527272727272727	0.745454545454545	0.477272727272727	0.222727272727273	0.0227272727272727	1e-05	1e-05	1e-05	1e-05	1e-05	1e-05	1e-05	1e-05	1e-05	1e-05	1e-05	"c"
"9559417"	0.358990536277603	0.805047318611987	0.509779179810726	0.241009463722397	0.0536277602523659	0.0100946372239748	0.0176656151419558	0.00126182965299685	0	0	0	0	1e-05	1e-05	1e-05	1e-05	"c"
"9559418"	0.412658227848101	0.777215189873418	0.50126582278481	0.19746835443038	0.0531645569620253	0.00506329113924051	0.0253164556962025	0.020253164556962	0.00506329113924051	1e-05	1e-05	1e-05	1e-05	1e-05	1e-05	1e-05	"c"
"9559419"	0.378409090909091	0.697727272727273	0.525	0.311363636363636	0.0715909090909091	0.00681818181818182	0.00340909090909091	0.00454545454545455	1e-05	1e-05	1e-05	1e-05	1e-05	1e-05	1e-05	1e-05	"c"
"9559420"	0.631168831168831	0.254545454545455	1e-05	1e-05	1e-05	1e-05	1e-05	1e-05	1e-05	1e-05	1e-05	1e-05	1e-05	1e-05	1e-05	1e-05	"c"
"9559429"	0.260082304526749	0.819753086419753	0.631275720164609	0.248559670781893	0.0279835390946502	0.00329218106995885	0.00493827160493827	0.00246913580246914	0.000823045267489712	0	0	1e-05	1e-05	1e-05	1e-05	1e-05	"c"
"9559431"	0.330666666666667	0.56	0.445333333333333	0.466666666666667	0.142666666666667	0.016	0.0226666666666667	0.00666666666666667	0	0.00133333333333333	0	0.00266666666666667	0.00266666666666667	0	0	1e-05	"c"
"9559432"	0.7	0.5	0.533333333333333	0.0666666666666667	0	0	0.0666666666666667	0.1	0	1e-05	1e-05	1e-05	1e-05	1e-05	1e-05	1e-05	"c"
"9559433"	0.666	0.83	0.446	0.05	1e-05	1e-05	1e-05	1e-05	1e-05	1e-05	1e-05	1e-05	1e-05	1e-05	1e-05	1e-05	"c"
"9559434"	0.392592592592593	0.503703703703704	0.298148148148148	0.344444444444444	0.385185185185185	0.0111111111111111	0.0111111111111111	0.0185185185185185	0.0259259259259259	0.00740740740740741	0	1e-05	1e-05	1e-05	1e-05	1e-05	"c"
"9559454"	0.382258064516129	0.751612903225806	0.588709677419355	0.191935483870968	0.0806451612903226	0	0.00161290322580645	1e-05	1e-05	1e-05	1e-05	1e-05	1e-05	1e-05	1e-05	1e-05	"c"
"9559455"	0.583636363636364	0.730909090909091	0.4	0.201818181818182	0.0709090909090909	0.0109090909090909	1e-05	1e-05	1e-05	1e-05	1e-05	1e-05	1e-05	1e-05	1e-05	1e-05	"c"
"9559456"	0.56	0.72	0.44	0.04	0.04	0	0.12	0	0.04	1e-05	1e-05	1e-05	1e-05	1e-05	1e-05	1e-05	"c"
"9559457"	0.442955801104972	0.910635359116022	0.33328729281768	0.189640883977901	0.0490331491712707	0.0350828729281768	0.0279005524861878	0.00566298342541436	0.00110497237569061	0.000828729281767956	0.000966850828729282	0.00110497237569061	0.000828729281767956	0.000552486187845304	0	1e-05	"c"
"9559458"	0.389473684210526	0.757894736842105	0.484210526315789	0.115789473684211	0.242105263157895	1e-05	1e-05	1e-05	1e-05	1e-05	1e-05	1e-05	1e-05	1e-05	1e-05	1e-05	"c"
"9559484"	0.398684210526316	0.606578947368421	0.503947368421053	0.376315789473684	0.0355263157894737	0.0513157894736842	0.0263157894736842	1e-05	1e-05	1e-05	1e-05	1e-05	1e-05	1e-05	1e-05	1e-05	"c"
"9559485"	0.238709677419355	0.729032258064516	0.632258064516129	0.141935483870968	0.225806451612903	0.0129032258064516	0.0129032258064516	0	0	0	0	1e-05	1e-05	1e-05	1e-05	1e-05	"c"
"9559493"	0.4	0.933333333333333	0.466666666666667	0	0	0.0666666666666667	0	0.0666666666666667	0	0	1e-05	1e-05	1e-05	1e-05	1e-05	1e-05	"c"
"9559506"	0.541098169717138	0.662895174708819	0.258901830282862	0.340765391014975	0.150415973377704	0.0149750415973378	0.0199667221297837	0.00898502495840266	0.00166389351081531	1e-05	1e-05	1e-05	1e-05	1e-05	1e-05	1e-05	"c"
"9559508"	0.358974358974359	0.523076923076923	0.316239316239316	0.388034188034188	0.326495726495727	0.011965811965812	0.011965811965812	0.0307692307692308	0.0273504273504274	1e-05	1e-05	1e-05	1e-05	1e-05	1e-05	1e-05	"c"
"9559509"	0.6	0.885714285714286	0.314285714285714	0	0	0.0285714285714286	0.142857142857143	1e-05	1e-05	1e-05	1e-05	1e-05	1e-05	1e-05	1e-05	1e-05	"c"
"9559510"	0.673015873015873	0.761904761904762	0.282539682539683	0.168253968253968	0.107936507936508	0	0	1e-05	1e-05	1e-05	1e-05	1e-05	1e-05	1e-05	1e-05	1e-05	"c"
"9559511"	0.541333333333333	0.914666666666667	0.296	0.197333333333333	0.04	0	0.00266666666666667	0.00533333333333333	1e-05	1e-05	1e-05	1e-05	1e-05	1e-05	1e-05	1e-05	"c"
"9559512"	0.539146567717996	0.922820037105751	0.261595547309833	0.24860853432282	0.0233766233766234	0.00111317254174397	0.00111317254174397	0.00148423005565863	1e-05	1e-05	1e-05	1e-05	1e-05	1e-05	1e-05	1e-05	"c"
"9559513"	0.611764705882353	0.805882352941176	0.331372549019608	0.166666666666667	0.0705882352941176	0.00980392156862745	1e-05	1e-05	1e-05	1e-05	1e-05	1e-05	1e-05	1e-05	1e-05	1e-05	"c"
"9559530"	0.428336755646817	0.782340862422998	0.473511293634497	0.122792607802875	0.186858316221766	0.00164271047227926	0.00205338809034908	0.00164271047227926	0.000410677618069815	1e-05	1e-05	1e-05	1e-05	1e-05	1e-05	1e-05	"c"
"9559531"	0.4	1	0.36	0.04	0	0	0.04	0.12	1e-05	1e-05	1e-05	1e-05	1e-05	1e-05	1e-05	1e-05	"c"
"9559532"	0.806	0.79	0.308	0.084	1e-05	1e-05	1e-05	1e-05	1e-05	1e-05	1e-05	1e-05	1e-05	1e-05	1e-05	1e-05	"c"
"9559533"	0.56	0.77	0.584	0.064	1e-05	1e-05	1e-05	1e-05	1e-05	1e-05	1e-05	1e-05	1e-05	1e-05	1e-05	1e-05	"c"
"9559535"	0.538390804597701	0.697011494252874	0.249655172413793	0.24551724137931	0.208275862068966	0.0482758620689655	0.0032183908045977	0.00505747126436782	0.00275862068965517	0.00137931034482759	0	0	1e-05	1e-05	1e-05	1e-05	"c"
"9559536"	0.6	0.2	1	0	0	0	0	1e-05	1e-05	1e-05	1e-05	1e-05	1e-05	1e-05	1e-05	1e-05	"c"
"9559537"	0.63030303030303	0.680808080808081	0.254545454545455	0.206060606060606	0.17979797979798	0.0262626262626263	0.00606060606060606	0.00606060606060606	0.00404040404040404	0	0.00202020202020202	0	0	0	0	1e-05	"c"
"9559538"	0.384952120383037	0.544733242134063	0.340902872777018	0.40328317373461	0.279343365253078	0.00766073871409029	0.0224350205198358	0.0131326949384405	0.00300957592339261	0.00027359781121751	0	1e-05	1e-05	1e-05	1e-05	1e-05	"c"
"9559539"	0.63	1.122	0.226	0.006	1e-05	1e-05	1e-05	1e-05	1e-05	1e-05	1e-05	1e-05	1e-05	1e-05	1e-05	1e-05	"c"
"9559540"	0.473646209386282	1.02382671480144	0.164259927797834	0.214801444043321	0.106498194945848	0.00866425992779783	0.00649819494584838	0.000722021660649819	0.00036101083032491	0	0	0	0.00036101083032491	1e-05	1e-05	1e-05	"c"
"9559541"	0.50828025477707	0.713375796178344	0.461146496815287	0.163057324840764	0.115923566878981	0.0114649681528662	0.0165605095541401	0.00636942675159236	0.00254777070063694	1e-05	1e-05	1e-05	1e-05	1e-05	1e-05	1e-05	"c"
"9559543"	0.4	0.932584269662921	0.255056179775281	0.328089887640449	0.0606741573033708	0.0157303370786517	0.00674157303370787	1e-05	1e-05	1e-05	1e-05	1e-05	1e-05	1e-05	1e-05	1e-05	"c"
"9559544"	0.6	0.727272727272727	0.396363636363636	0.210909090909091	0.0581818181818182	0	0	0.00363636363636364	0	1e-05	1e-05	1e-05	1e-05	1e-05	1e-05	1e-05	"c"
"9559548"	0.607272727272727	0.614545454545455	0.432727272727273	0.283636363636364	0.0545454545454545	0	0	0.00363636363636364	0	1e-05	1e-05	1e-05	1e-05	1e-05	1e-05	1e-05	"c"
"9559549"	0.425	0.85	0.508333333333333	0.0583333333333333	0.15	1e-05	1e-05	1e-05	1e-05	1e-05	1e-05	1e-05	1e-05	1e-05	1e-05	1e-05	"c"
"9559551"	0.265116279069767	0.613953488372093	0.493023255813954	0.241860465116279	0.213953488372093	0.144186046511628	0.0232558139534884	0	0	0	1e-05	1e-05	1e-05	1e-05	1e-05	1e-05	"c"
"9559553"	0.421621621621622	0.775675675675676	0.543243243243243	0.137837837837838	0.0945945945945946	0.00810810810810811	0.00810810810810811	0.00540540540540541	0	0.0027027027027027	0	0	0	0	1e-05	1e-05	"c"
"9559554"	0.547368421052632	0.866666666666667	0.319298245614035	0.203508771929825	0.0315789473684211	0.0175438596491228	1e-05	1e-05	1e-05	1e-05	1e-05	1e-05	1e-05	1e-05	1e-05	1e-05	"c"
"9559557"	0.6	1	0.2	0	0	1e-05	1e-05	1e-05	1e-05	1e-05	1e-05	1e-05	1e-05	1e-05	1e-05	1e-05	"c"
"9559560"	0.634020618556701	0.931958762886598	0.204123711340206	0.168041237113402	0.045360824742268	0.00824742268041237	0.00412371134020619	0.00309278350515464	1e-05	1e-05	1e-05	1e-05	1e-05	1e-05	1e-05	1e-05	"c"
"9559566"	0.442105263157895	0.796491228070175	0.529824561403509	0.0245614035087719	0.168421052631579	0.00701754385964912	0.0105263157894737	0.00350877192982456	0.0140350877192982	0	0	1e-05	1e-05	1e-05	1e-05	1e-05	"c"
"9559567"	0.377917981072555	0.713564668769716	0.30410094637224	0.45993690851735	0.0908517350157729	0.0315457413249211	0.0145110410094637	1e-05	1e-05	1e-05	1e-05	1e-05	1e-05	1e-05	1e-05	1e-05	"c"
"9559568"	0.335593220338983	0.806779661016949	0.579661016949153	0.155932203389831	0.101694915254237	0.00338983050847458	0.00338983050847458	1e-05	1e-05	1e-05	1e-05	1e-05	1e-05	1e-05	1e-05	1e-05	"c"
"9559572"	0.435623409669211	0.630025445292621	0.372010178117048	0.473282442748092	0.0809160305343511	0.00229007633587786	0.00356234096692112	1e-05	1e-05	1e-05	1e-05	1e-05	1e-05	1e-05	1e-05	1e-05	"c"
"128111"	0.308	1.134	0.53	0.022	1e-05	1e-05	1e-05	1e-05	1e-05	1e-05	1e-05	1e-05	1e-05	1e-05	1e-05	1e-05	"k"
"128113"	0.466	0.798	0.718	0.014	1e-05	1e-05	1e-05	1e-05	1e-05	1e-05	1e-05	1e-05	1e-05	1e-05	1e-05	1e-05	"k"
"128114"	0.316	1.002	0.662	0.01	1e-05	1e-05	1e-05	1e-05	1e-05	1e-05	1e-05	1e-05	1e-05	1e-05	1e-05	1e-05	"k"
"128116"	0.612	0.722	0.44	0.206	1e-05	1e-05	1e-05	1e-05	1e-05	1e-05	1e-05	1e-05	1e-05	1e-05	1e-05	1e-05	"k"
"128119"	0.69	1e-05	1e-05	1e-05	1e-05	1e-05	1e-05	1e-05	1e-05	1e-05	1e-05	1e-05	1e-05	1e-05	1e-05	1e-05	"k"
"128125"	0.464	0.94	0.582	0.01	1e-05	1e-05	1e-05	1e-05	1e-05	1e-05	1e-05	1e-05	1e-05	1e-05	1e-05	1e-05	"k"
"128126"	0.598	0.754	0.544	0.102	1e-05	1e-05	1e-05	1e-05	1e-05	1e-05	1e-05	1e-05	1e-05	1e-05	1e-05	1e-05	"k"
"128128"	0.428	0.994	0.57	0.006	1e-05	1e-05	1e-05	1e-05	1e-05	1e-05	1e-05	1e-05	1e-05	1e-05	1e-05	1e-05	"k"
"128129"	0.366	1.014	0.598	0.014	1e-05	1e-05	1e-05	1e-05	1e-05	1e-05	1e-05	1e-05	1e-05	1e-05	1e-05	1e-05	"k"
"128131"	0.31	1.062	0.61	0.016	1e-05	1e-05	1e-05	1e-05	1e-05	1e-05	1e-05	1e-05	1e-05	1e-05	1e-05	1e-05	"k"
"128132"	0.648	0.774	0.334	0.24	1e-05	1e-05	1e-05	1e-05	1e-05	1e-05	1e-05	1e-05	1e-05	1e-05	1e-05	1e-05	"k"
"128133"	0.322	0.856	0.82	0	1e-05	1e-05	1e-05	1e-05	1e-05	1e-05	1e-05	1e-05	1e-05	1e-05	1e-05	1e-05	"k"
"128134"	0.422	0.994	0.568	0.014	1e-05	1e-05	1e-05	1e-05	1e-05	1e-05	1e-05	1e-05	1e-05	1e-05	1e-05	1e-05	"k"
"128136"	0.296	0.974	0.728	0	1e-05	1e-05	1e-05	1e-05	1e-05	1e-05	1e-05	1e-05	1e-05	1e-05	1e-05	1e-05	"k"
"128138"	0.703	1e-05	1e-05	1e-05	1e-05	1e-05	1e-05	1e-05	1e-05	1e-05	1e-05	1e-05	1e-05	1e-05	1e-05	1e-05	"k"
"128140"	0.956	1e-05	1e-05	1e-05	1e-05	1e-05	1e-05	1e-05	1e-05	1e-05	1e-05	1e-05	1e-05	1e-05	1e-05	1e-05	"k"
"128141"	0.52	1.384	0.09	0.002	1e-05	1e-05	1e-05	1e-05	1e-05	1e-05	1e-05	1e-05	1e-05	1e-05	1e-05	1e-05	"k"
"128145"	0.394	0.604	0.984	0.016	1e-05	1e-05	1e-05	1e-05	1e-05	1e-05	1e-05	1e-05	1e-05	1e-05	1e-05	1e-05	"k"
"128147"	0.272	1.108	0.616	0.002	1e-05	1e-05	1e-05	1e-05	1e-05	1e-05	1e-05	1e-05	1e-05	1e-05	1e-05	1e-05	"k"
"128149"	0.696	1e-05	1e-05	1e-05	1e-05	1e-05	1e-05	1e-05	1e-05	1e-05	1e-05	1e-05	1e-05	1e-05	1e-05	1e-05	"k"
"128150"	0.332	0.914	0.746	0.002	1e-05	1e-05	1e-05	1e-05	1e-05	1e-05	1e-05	1e-05	1e-05	1e-05	1e-05	1e-05	"k"
"9449998"	0.742	1e-05	1e-05	1e-05	1e-05	1e-05	1e-05	1e-05	1e-05	1e-05	1e-05	1e-05	1e-05	1e-05	1e-05	1e-05	"k"
"9449999"	0.406	0.878	0.7	0.008	1e-05	1e-05	1e-05	1e-05	1e-05	1e-05	1e-05	1e-05	1e-05	1e-05	1e-05	1e-05	"k"
"9450000"	0.697	1e-05	1e-05	1e-05	1e-05	1e-05	1e-05	1e-05	1e-05	1e-05	1e-05	1e-05	1e-05	1e-05	1e-05	1e-05	"k"
"9558745"	0.42	0.936	0.638	0.002	1e-05	1e-05	1e-05	1e-05	1e-05	1e-05	1e-05	1e-05	1e-05	1e-05	1e-05	1e-05	"k"
"9559194"	0.632	0.806	0.502	0.054	1e-05	1e-05	1e-05	1e-05	1e-05	1e-05	1e-05	1e-05	1e-05	1e-05	1e-05	1e-05	"k"
"9559197"	0.414	0.84	0.738	0.002	1e-05	1e-05	1e-05	1e-05	1e-05	1e-05	1e-05	1e-05	1e-05	1e-05	1e-05	1e-05	"k"
"9559198"	0.384	0.766	0.838	0.004	1e-05	1e-05	1e-05	1e-05	1e-05	1e-05	1e-05	1e-05	1e-05	1e-05	1e-05	1e-05	"k"
"9559200"	0.42	0.862	0.704	0.01	1e-05	1e-05	1e-05	1e-05	1e-05	1e-05	1e-05	1e-05	1e-05	1e-05	1e-05	1e-05	"k"
"9559201"	0.378	0.876	0.736	0.006	1e-05	1e-05	1e-05	1e-05	1e-05	1e-05	1e-05	1e-05	1e-05	1e-05	1e-05	1e-05	"k"
"9559202"	0.434	0.822	0.732	0.004	1e-05	1e-05	1e-05	1e-05	1e-05	1e-05	1e-05	1e-05	1e-05	1e-05	1e-05	1e-05	"k"
"9559231"	0.62	0.832	0.51	0.034	1e-05	1e-05	1e-05	1e-05	1e-05	1e-05	1e-05	1e-05	1e-05	1e-05	1e-05	1e-05	"k"
"9559232"	0.568	0.888	0.494	0.046	1e-05	1e-05	1e-05	1e-05	1e-05	1e-05	1e-05	1e-05	1e-05	1e-05	1e-05	1e-05	"k"
"9559233"	0.548	0.856	0.57	0.016	1e-05	1e-05	1e-05	1e-05	1e-05	1e-05	1e-05	1e-05	1e-05	1e-05	1e-05	1e-05	"k"
"9559234"	0.516	0.906	0.564	0.01	1e-05	1e-05	1e-05	1e-05	1e-05	1e-05	1e-05	1e-05	1e-05	1e-05	1e-05	1e-05	"k"
"9559235"	0.334	0.908	0.75	0.002	1e-05	1e-05	1e-05	1e-05	1e-05	1e-05	1e-05	1e-05	1e-05	1e-05	1e-05	1e-05	"k"
"9559237-1"	0.426	0.934	0.63	0.006	1e-05	1e-05	1e-05	1e-05	1e-05	1e-05	1e-05	1e-05	1e-05	1e-05	1e-05	1e-05	"k"
"9559238"	0.492	0.91	0.588	0.004	1e-05	1e-05	1e-05	1e-05	1e-05	1e-05	1e-05	1e-05	1e-05	1e-05	1e-05	1e-05	"k"
"9559239"	0.512	0.88	0.596	0.01	1e-05	1e-05	1e-05	1e-05	1e-05	1e-05	1e-05	1e-05	1e-05	1e-05	1e-05	1e-05	"k"
"9559240"	0.704	1e-05	1e-05	1e-05	1e-05	1e-05	1e-05	1e-05	1e-05	1e-05	1e-05	1e-05	1e-05	1e-05	1e-05	1e-05	"k"
"9559241"	0.616	0.782	0.244	0.306	1e-05	1e-05	1e-05	1e-05	1e-05	1e-05	1e-05	1e-05	1e-05	1e-05	1e-05	1e-05	"k"
"9559246"	0.967	1e-05	1e-05	1e-05	1e-05	1e-05	1e-05	1e-05	1e-05	1e-05	1e-05	1e-05	1e-05	1e-05	1e-05	1e-05	"k"
"9559247"	0.614	0.812	0.22	0.314	1e-05	1e-05	1e-05	1e-05	1e-05	1e-05	1e-05	1e-05	1e-05	1e-05	1e-05	1e-05	"k"
"9559248"	0.32	0.872	0.8	0.006	1e-05	1e-05	1e-05	1e-05	1e-05	1e-05	1e-05	1e-05	1e-05	1e-05	1e-05	1e-05	"k"
"9559250"	0.498	1.156	0.336	0.006	1e-05	1e-05	1e-05	1e-05	1e-05	1e-05	1e-05	1e-05	1e-05	1e-05	1e-05	1e-05	"k"
"9559261"	0.404	1.496	0.086	0.01	1e-05	1e-05	1e-05	1e-05	1e-05	1e-05	1e-05	1e-05	1e-05	1e-05	1e-05	1e-05	"k"
"9559265"	0.584	0.762	0.458	0.192	1e-05	1e-05	1e-05	1e-05	1e-05	1e-05	1e-05	1e-05	1e-05	1e-05	1e-05	1e-05	"k"
"9559267"	0.995	1e-05	1e-05	1e-05	1e-05	1e-05	1e-05	1e-05	1e-05	1e-05	1e-05	1e-05	1e-05	1e-05	1e-05	1e-05	"k"
"9559272"	0.416	1.192	0.386	0.004	1e-05	1e-05	1e-05	1e-05	1e-05	1e-05	1e-05	1e-05	1e-05	1e-05	1e-05	1e-05	"k"
"9559275"	0.348	0.9	0.732	0.01	1e-05	1e-05	1e-05	1e-05	1e-05	1e-05	1e-05	1e-05	1e-05	1e-05	1e-05	1e-05	"k"
"9559277"	0.402	0.864	0.716	0.016	1e-05	1e-05	1e-05	1e-05	1e-05	1e-05	1e-05	1e-05	1e-05	1e-05	1e-05	1e-05	"k"
"9559283"	0.612	0.784	0.304	0.246	1e-05	1e-05	1e-05	1e-05	1e-05	1e-05	1e-05	1e-05	1e-05	1e-05	1e-05	1e-05	"k"
"9559286"	0.665	1e-05	1e-05	1e-05	1e-05	1e-05	1e-05	1e-05	1e-05	1e-05	1e-05	1e-05	1e-05	1e-05	1e-05	1e-05	"k"
"9559287"	0.366	0.856	0.77	0.006	1e-05	1e-05	1e-05	1e-05	1e-05	1e-05	1e-05	1e-05	1e-05	1e-05	1e-05	1e-05	"k"
"9559288"	0.408	0.91	0.676	0.002	1e-05	1e-05	1e-05	1e-05	1e-05	1e-05	1e-05	1e-05	1e-05	1e-05	1e-05	1e-05	"k"
"9559289"	0.436	0.996	0.562	0.004	1e-05	1e-05	1e-05	1e-05	1e-05	1e-05	1e-05	1e-05	1e-05	1e-05	1e-05	1e-05	"k"
"9559290"	0.466	0.872	0.642	0.016	1e-05	1e-05	1e-05	1e-05	1e-05	1e-05	1e-05	1e-05	1e-05	1e-05	1e-05	1e-05	"k"
"9559291"	0.49	0.89	0.61	0.008	1e-05	1e-05	1e-05	1e-05	1e-05	1e-05	1e-05	1e-05	1e-05	1e-05	1e-05	1e-05	"k"
"9559292"	0.556	0.832	0.558	0.046	1e-05	1e-05	1e-05	1e-05	1e-05	1e-05	1e-05	1e-05	1e-05	1e-05	1e-05	1e-05	"k"
"9559295"	0.705	1e-05	1e-05	1e-05	1e-05	1e-05	1e-05	1e-05	1e-05	1e-05	1e-05	1e-05	1e-05	1e-05	1e-05	1e-05	"k"
"9559296"	0.558	1.104	0.328	0.008	1e-05	1e-05	1e-05	1e-05	1e-05	1e-05	1e-05	1e-05	1e-05	1e-05	1e-05	1e-05	"k"
"9559297"	0.298	0.984	0.7	0.004	1e-05	1e-05	1e-05	1e-05	1e-05	1e-05	1e-05	1e-05	1e-05	1e-05	1e-05	1e-05	"k"
"9559298"	0.592	0.84	0.518	0.036	1e-05	1e-05	1e-05	1e-05	1e-05	1e-05	1e-05	1e-05	1e-05	1e-05	1e-05	1e-05	"k"
"9559398"	0.518	0.888	0.562	0.014	1e-05	1e-05	1e-05	1e-05	1e-05	1e-05	1e-05	1e-05	1e-05	1e-05	1e-05	1e-05	"k"
"9559412"	0.334	0.882	0.75	0.022	1e-05	1e-05	1e-05	1e-05	1e-05	1e-05	1e-05	1e-05	1e-05	1e-05	1e-05	1e-05	"k"
"9559430"	0.514	0.882	0.564	0.03	1e-05	1e-05	1e-05	1e-05	1e-05	1e-05	1e-05	1e-05	1e-05	1e-05	1e-05	1e-05	"k"
"9559482"	0.685	1e-05	1e-05	1e-05	1e-05	1e-05	1e-05	1e-05	1e-05	1e-05	1e-05	1e-05	1e-05	1e-05	1e-05	1e-05	"k"
"9559486"	0.724	1e-05	1e-05	1e-05	1e-05	1e-05	1e-05	1e-05	1e-05	1e-05	1e-05	1e-05	1e-05	1e-05	1e-05	1e-05	"k"
"9559488"	0.352	0.972	0.662	0.01	1e-05	1e-05	1e-05	1e-05	1e-05	1e-05	1e-05	1e-05	1e-05	1e-05	1e-05	1e-05	"k"
"9559489"	0.548	0.798	0.544	0.09	1e-05	1e-05	1e-05	1e-05	1e-05	1e-05	1e-05	1e-05	1e-05	1e-05	1e-05	1e-05	"k"
"9559490"	0.494	0.888	0.61	0.002	1e-05	1e-05	1e-05	1e-05	1e-05	1e-05	1e-05	1e-05	1e-05	1e-05	1e-05	1e-05	"k"
"9559491"	0.714	1.092	0.188	0.004	1e-05	1e-05	1e-05	1e-05	1e-05	1e-05	1e-05	1e-05	1e-05	1e-05	1e-05	1e-05	"k"
"9559504"	0.604	0.854	0.516	0.024	1e-05	1e-05	1e-05	1e-05	1e-05	1e-05	1e-05	1e-05	1e-05	1e-05	1e-05	1e-05	"k"
"9559505"	0.548	0.906	0.526	0.018	1e-05	1e-05	1e-05	1e-05	1e-05	1e-05	1e-05	1e-05	1e-05	1e-05	1e-05	1e-05	"k"
"9559507"	0.664	0.918	0.384	0.032	1e-05	1e-05	1e-05	1e-05	1e-05	1e-05	1e-05	1e-05	1e-05	1e-05	1e-05	1e-05	"k"
"9559542"	0.49	0.884	0.598	0.024	1e-05	1e-05	1e-05	1e-05	1e-05	1e-05	1e-05	1e-05	1e-05	1e-05	1e-05	1e-05	"k"
"9559546"	0.446	0.89	0.66	0.002	1e-05	1e-05	1e-05	1e-05	1e-05	1e-05	1e-05	1e-05	1e-05	1e-05	1e-05	1e-05	"k"
"9559547"	0.568	1.34	0.076	0.012	1e-05	1e-05	1e-05	1e-05	1e-05	1e-05	1e-05	1e-05	1e-05	1e-05	1e-05	1e-05	"k"
"9559550"	0.552	0.852	0.554	0.038	1e-05	1e-05	1e-05	1e-05	1e-05	1e-05	1e-05	1e-05	1e-05	1e-05	1e-05	1e-05	"k"
"9559561"	0.79	0.83	0.338	0.036	1e-05	1e-05	1e-05	1e-05	1e-05	1e-05	1e-05	1e-05	1e-05	1e-05	1e-05	1e-05	"k"
"9559565"	0.604	1.078	0.308	0.006	1e-05	1e-05	1e-05	1e-05	1e-05	1e-05	1e-05	1e-05	1e-05	1e-05	1e-05	1e-05	"k"
"9559570"	0.657	1e-05	1e-05	1e-05	1e-05	1e-05	1e-05	1e-05	1e-05	1e-05	1e-05	1e-05	1e-05	1e-05	1e-05	1e-05	"k"
"9387261"	0.6	0.844	0.528	0.026	1e-05	1e-05	1e-05	1e-05	1e-05	1e-05	1e-05	1e-05	1e-05	1e-05	1e-05	1e-05	"n"
"9387262"	0.66	0.842	0.46	0.036	1e-05	1e-05	1e-05	1e-05	1e-05	1e-05	1e-05	1e-05	1e-05	1e-05	1e-05	1e-05	"n"
"9387279"	0.662	1e-05	1e-05	1e-05	1e-05	1e-05	1e-05	1e-05	1e-05	1e-05	1e-05	1e-05	1e-05	1e-05	1e-05	1e-05	"n"
"9558701"	0.7	1e-05	1e-05	1e-05	1e-05	1e-05	1e-05	1e-05	1e-05	1e-05	1e-05	1e-05	1e-05	1e-05	1e-05	1e-05	"n"
"9558702"	0.628	0.8	0.436	0.112	1e-05	1e-05	1e-05	1e-05	1e-05	1e-05	1e-05	1e-05	1e-05	1e-05	1e-05	1e-05	"n"
"9558703"	0.452	0.972	0.57	0.004	1e-05	1e-05	1e-05	1e-05	1e-05	1e-05	1e-05	1e-05	1e-05	1e-05	1e-05	1e-05	"n"
"9558704"	0.52	0.934	0.502	0.018	1e-05	1e-05	1e-05	1e-05	1e-05	1e-05	1e-05	1e-05	1e-05	1e-05	1e-05	1e-05	"n"
"9558705"	0.574	0.764	0.632	0.028	1e-05	1e-05	1e-05	1e-05	1e-05	1e-05	1e-05	1e-05	1e-05	1e-05	1e-05	1e-05	"n"
"9558706"	0.7	1e-05	1e-05	1e-05	1e-05	1e-05	1e-05	1e-05	1e-05	1e-05	1e-05	1e-05	1e-05	1e-05	1e-05	1e-05	"n"
"9558707"	0.64	0.854	0.464	0.038	1e-05	1e-05	1e-05	1e-05	1e-05	1e-05	1e-05	1e-05	1e-05	1e-05	1e-05	1e-05	"n"
"9558708"	0.714	1e-05	1e-05	1e-05	1e-05	1e-05	1e-05	1e-05	1e-05	1e-05	1e-05	1e-05	1e-05	1e-05	1e-05	1e-05	"n"
"9558709"	0.716	1e-05	1e-05	1e-05	1e-05	1e-05	1e-05	1e-05	1e-05	1e-05	1e-05	1e-05	1e-05	1e-05	1e-05	1e-05	"n"
"9558710"	0.534	0.734	0.572	0.15	1e-05	1e-05	1e-05	1e-05	1e-05	1e-05	1e-05	1e-05	1e-05	1e-05	1e-05	1e-05	"n"
"9558711"	0.504	0.862	0.616	0.012	1e-05	1e-05	1e-05	1e-05	1e-05	1e-05	1e-05	1e-05	1e-05	1e-05	1e-05	1e-05	"n"
"9558712"	0.598	0.802	0.578	0.012	1e-05	1e-05	1e-05	1e-05	1e-05	1e-05	1e-05	1e-05	1e-05	1e-05	1e-05	1e-05	"n"
"9558713"	0.504	0.908	0.552	0.024	1e-05	1e-05	1e-05	1e-05	1e-05	1e-05	1e-05	1e-05	1e-05	1e-05	1e-05	1e-05	"n"
"9558714"	0.426	0.726	0.818	0.01	1e-05	1e-05	1e-05	1e-05	1e-05	1e-05	1e-05	1e-05	1e-05	1e-05	1e-05	1e-05	"n"
"9558715"	0.576	0.802	0.578	0.036	1e-05	1e-05	1e-05	1e-05	1e-05	1e-05	1e-05	1e-05	1e-05	1e-05	1e-05	1e-05	"n"
"9558716"	0.688	0.76	0.406	0.14	1e-05	1e-05	1e-05	1e-05	1e-05	1e-05	1e-05	1e-05	1e-05	1e-05	1e-05	1e-05	"n"
"9558717"	0.366	0.952	0.678	0.002	1e-05	1e-05	1e-05	1e-05	1e-05	1e-05	1e-05	1e-05	1e-05	1e-05	1e-05	1e-05	"n"
"9558719"	0.342	0.896	0.76	0	1e-05	1e-05	1e-05	1e-05	1e-05	1e-05	1e-05	1e-05	1e-05	1e-05	1e-05	1e-05	"n"
"9558720"	0.5	0.876	0.612	0.002	1e-05	1e-05	1e-05	1e-05	1e-05	1e-05	1e-05	1e-05	1e-05	1e-05	1e-05	1e-05	"n"
"9558723"	0.496	0.936	0.562	0.004	1e-05	1e-05	1e-05	1e-05	1e-05	1e-05	1e-05	1e-05	1e-05	1e-05	1e-05	1e-05	"n"
"9558725"	0.434	0.89	0.67	0.002	1e-05	1e-05	1e-05	1e-05	1e-05	1e-05	1e-05	1e-05	1e-05	1e-05	1e-05	1e-05	"n"
"9558726"	0.506	0.878	0.584	0.024	1e-05	1e-05	1e-05	1e-05	1e-05	1e-05	1e-05	1e-05	1e-05	1e-05	1e-05	1e-05	"n"
"9558728"	0.53	0.794	0.642	0.03	1e-05	1e-05	1e-05	1e-05	1e-05	1e-05	1e-05	1e-05	1e-05	1e-05	1e-05	1e-05	"n"
"9558729"	0.406	0.798	0.784	0.01	1e-05	1e-05	1e-05	1e-05	1e-05	1e-05	1e-05	1e-05	1e-05	1e-05	1e-05	1e-05	"n"
"9558732"	0.394	0.852	0.742	0.004	1e-05	1e-05	1e-05	1e-05	1e-05	1e-05	1e-05	1e-05	1e-05	1e-05	1e-05	1e-05	"n"
"9558733"	0.462	0.904	0.626	0.004	1e-05	1e-05	1e-05	1e-05	1e-05	1e-05	1e-05	1e-05	1e-05	1e-05	1e-05	1e-05	"n"
"9558735"	0.344	0.862	0.78	0.004	1e-05	1e-05	1e-05	1e-05	1e-05	1e-05	1e-05	1e-05	1e-05	1e-05	1e-05	1e-05	"n"
"9558736"	0.624	0.836	0.47	0.068	1e-05	1e-05	1e-05	1e-05	1e-05	1e-05	1e-05	1e-05	1e-05	1e-05	1e-05	1e-05	"n"
"9558737"	0.596	0.834	0.512	0.05	1e-05	1e-05	1e-05	1e-05	1e-05	1e-05	1e-05	1e-05	1e-05	1e-05	1e-05	1e-05	"n"
"9558738"	0.496	0.898	0.59	0.014	1e-05	1e-05	1e-05	1e-05	1e-05	1e-05	1e-05	1e-05	1e-05	1e-05	1e-05	1e-05	"n"
"9558739"	0.661	1e-05	1e-05	1e-05	1e-05	1e-05	1e-05	1e-05	1e-05	1e-05	1e-05	1e-05	1e-05	1e-05	1e-05	1e-05	"n"
"9558740"	0.44	0.882	0.658	0.014	1e-05	1e-05	1e-05	1e-05	1e-05	1e-05	1e-05	1e-05	1e-05	1e-05	1e-05	1e-05	"n"
"9558741"	0.372	0.936	0.678	0.008	1e-05	1e-05	1e-05	1e-05	1e-05	1e-05	1e-05	1e-05	1e-05	1e-05	1e-05	1e-05	"n"
"9558742"	0.554	0.918	0.5	0.02	1e-05	1e-05	1e-05	1e-05	1e-05	1e-05	1e-05	1e-05	1e-05	1e-05	1e-05	1e-05	"n"
"9558743"	0.558	0.814	0.592	0.034	1e-05	1e-05	1e-05	1e-05	1e-05	1e-05	1e-05	1e-05	1e-05	1e-05	1e-05	1e-05	"n"
"9558744"	0.402	0.984	0.608	0.004	1e-05	1e-05	1e-05	1e-05	1e-05	1e-05	1e-05	1e-05	1e-05	1e-05	1e-05	1e-05	"n"
"9558746"	0.708	1e-05	1e-05	1e-05	1e-05	1e-05	1e-05	1e-05	1e-05	1e-05	1e-05	1e-05	1e-05	1e-05	1e-05	1e-05	"n"
"9558747"	0.582	0.832	0.522	0.062	1e-05	1e-05	1e-05	1e-05	1e-05	1e-05	1e-05	1e-05	1e-05	1e-05	1e-05	1e-05	"n"
"9558748"	0.59	0.86	0.498	0.044	1e-05	1e-05	1e-05	1e-05	1e-05	1e-05	1e-05	1e-05	1e-05	1e-05	1e-05	1e-05	"n"
"9558750"	0.578	0.73	0.628	0.062	1e-05	1e-05	1e-05	1e-05	1e-05	1e-05	1e-05	1e-05	1e-05	1e-05	1e-05	1e-05	"n"
"9558752"	0.677	1e-05	1e-05	1e-05	1e-05	1e-05	1e-05	1e-05	1e-05	1e-05	1e-05	1e-05	1e-05	1e-05	1e-05	1e-05	"n"
"9558753"	0.574	0.826	0.56	0.036	1e-05	1e-05	1e-05	1e-05	1e-05	1e-05	1e-05	1e-05	1e-05	1e-05	1e-05	1e-05	"n"
"9558754"	0.382	0.908	0.7	0.008	1e-05	1e-05	1e-05	1e-05	1e-05	1e-05	1e-05	1e-05	1e-05	1e-05	1e-05	1e-05	"n"
"9558755"	0.706	1e-05	1e-05	1e-05	1e-05	1e-05	1e-05	1e-05	1e-05	1e-05	1e-05	1e-05	1e-05	1e-05	1e-05	1e-05	"n"
"9558756"	0.726	1e-05	1e-05	1e-05	1e-05	1e-05	1e-05	1e-05	1e-05	1e-05	1e-05	1e-05	1e-05	1e-05	1e-05	1e-05	"n"
"9558757"	0.621	1e-05	1e-05	1e-05	1e-05	1e-05	1e-05	1e-05	1e-05	1e-05	1e-05	1e-05	1e-05	1e-05	1e-05	1e-05	"n"
"9558758"	0.37	0.84	0.774	0.014	1e-05	1e-05	1e-05	1e-05	1e-05	1e-05	1e-05	1e-05	1e-05	1e-05	1e-05	1e-05	"n"
"9558759"	0.502	0.868	0.612	0.016	1e-05	1e-05	1e-05	1e-05	1e-05	1e-05	1e-05	1e-05	1e-05	1e-05	1e-05	1e-05	"n"
"9558760"	0.336	0.884	0.776	0.002	1e-05	1e-05	1e-05	1e-05	1e-05	1e-05	1e-05	1e-05	1e-05	1e-05	1e-05	1e-05	"n"
"9559181"	0.564	0.826	0.582	0.024	1e-05	1e-05	1e-05	1e-05	1e-05	1e-05	1e-05	1e-05	1e-05	1e-05	1e-05	1e-05	"n"
"9559182"	0.59	0.812	0.574	0.022	1e-05	1e-05	1e-05	1e-05	1e-05	1e-05	1e-05	1e-05	1e-05	1e-05	1e-05	1e-05	"n"
"9559184"	0.408	0.942	0.64	0.008	1e-05	1e-05	1e-05	1e-05	1e-05	1e-05	1e-05	1e-05	1e-05	1e-05	1e-05	1e-05	"n"
"9559185"	0.532	0.82	0.62	0.024	1e-05	1e-05	1e-05	1e-05	1e-05	1e-05	1e-05	1e-05	1e-05	1e-05	1e-05	1e-05	"n"
"9559186"	0.464	0.958	0.572	0.004	1e-05	1e-05	1e-05	1e-05	1e-05	1e-05	1e-05	1e-05	1e-05	1e-05	1e-05	1e-05	"n"
"9559187"	0.683	1e-05	1e-05	1e-05	1e-05	1e-05	1e-05	1e-05	1e-05	1e-05	1e-05	1e-05	1e-05	1e-05	1e-05	1e-05	"n"
"9559190"	0.678	1e-05	1e-05	1e-05	1e-05	1e-05	1e-05	1e-05	1e-05	1e-05	1e-05	1e-05	1e-05	1e-05	1e-05	1e-05	"n"
"9559205"	0.402	0.874	0.72	0.002	1e-05	1e-05	1e-05	1e-05	1e-05	1e-05	1e-05	1e-05	1e-05	1e-05	1e-05	1e-05	"n"
"9559214"	0.362	0.894	0.734	0.008	1e-05	1e-05	1e-05	1e-05	1e-05	1e-05	1e-05	1e-05	1e-05	1e-05	1e-05	1e-05	"n"
"9559215"	0.464	0.784	0.732	0.014	1e-05	1e-05	1e-05	1e-05	1e-05	1e-05	1e-05	1e-05	1e-05	1e-05	1e-05	1e-05	"n"
"9559402"	0.546	0.87	0.552	0.03	1e-05	1e-05	1e-05	1e-05	1e-05	1e-05	1e-05	1e-05	1e-05	1e-05	1e-05	1e-05	"n"
"9559403"	0.656	0.822	0.416	0.098	1e-05	1e-05	1e-05	1e-05	1e-05	1e-05	1e-05	1e-05	1e-05	1e-05	1e-05	1e-05	"n"
"9559404"	0.528	0.868	0.568	0.032	1e-05	1e-05	1e-05	1e-05	1e-05	1e-05	1e-05	1e-05	1e-05	1e-05	1e-05	1e-05	"n"
"9559405"	0.63	1e-05	1e-05	1e-05	1e-05	1e-05	1e-05	1e-05	1e-05	1e-05	1e-05	1e-05	1e-05	1e-05	1e-05	1e-05	"n"
"9559406"	0.472	0.932	0.582	0.012	1e-05	1e-05	1e-05	1e-05	1e-05	1e-05	1e-05	1e-05	1e-05	1e-05	1e-05	1e-05	"n"
"9559407"	0.645	1e-05	1e-05	1e-05	1e-05	1e-05	1e-05	1e-05	1e-05	1e-05	1e-05	1e-05	1e-05	1e-05	1e-05	1e-05	"n"
"9559408"	0.598	0.784	0.472	0.144	1e-05	1e-05	1e-05	1e-05	1e-05	1e-05	1e-05	1e-05	1e-05	1e-05	1e-05	1e-05	"n"
"9559409"	0.554	0.8	0.612	0.03	1e-05	1e-05	1e-05	1e-05	1e-05	1e-05	1e-05	1e-05	1e-05	1e-05	1e-05	1e-05	"n"
"9559410"	0.601	1e-05	1e-05	1e-05	1e-05	1e-05	1e-05	1e-05	1e-05	1e-05	1e-05	1e-05	1e-05	1e-05	1e-05	1e-05	"n"
"9559421"	0.402	0.858	0.724	0.012	1e-05	1e-05	1e-05	1e-05	1e-05	1e-05	1e-05	1e-05	1e-05	1e-05	1e-05	1e-05	"n"
"9559422"	0.699	1e-05	1e-05	1e-05	1e-05	1e-05	1e-05	1e-05	1e-05	1e-05	1e-05	1e-05	1e-05	1e-05	1e-05	1e-05	"n"
"9559424"	0.422	0.964	0.608	0.004	1e-05	1e-05	1e-05	1e-05	1e-05	1e-05	1e-05	1e-05	1e-05	1e-05	1e-05	1e-05	"n"
"9559425"	0.618	0.788	0.562	0.028	1e-05	1e-05	1e-05	1e-05	1e-05	1e-05	1e-05	1e-05	1e-05	1e-05	1e-05	1e-05	"n"
"9559426"	0.53	0.884	0.562	0.02	1e-05	1e-05	1e-05	1e-05	1e-05	1e-05	1e-05	1e-05	1e-05	1e-05	1e-05	1e-05	"n"
"9559436"	0.606	0.836	0.534	0.022	1e-05	1e-05	1e-05	1e-05	1e-05	1e-05	1e-05	1e-05	1e-05	1e-05	1e-05	1e-05	"n"
"9559439"	0.574	0.866	0.536	0.02	1e-05	1e-05	1e-05	1e-05	1e-05	1e-05	1e-05	1e-05	1e-05	1e-05	1e-05	1e-05	"n"
"9559442"	0.406	0.942	0.632	0.018	1e-05	1e-05	1e-05	1e-05	1e-05	1e-05	1e-05	1e-05	1e-05	1e-05	1e-05	1e-05	"n"
"9559445"	0.761	1e-05	1e-05	1e-05	1e-05	1e-05	1e-05	1e-05	1e-05	1e-05	1e-05	1e-05	1e-05	1e-05	1e-05	1e-05	"n"
"9559448"	0.48	0.9	0.61	0.008	1e-05	1e-05	1e-05	1e-05	1e-05	1e-05	1e-05	1e-05	1e-05	1e-05	1e-05	1e-05	"n"
"9559449"	0.678	1e-05	1e-05	1e-05	1e-05	1e-05	1e-05	1e-05	1e-05	1e-05	1e-05	1e-05	1e-05	1e-05	1e-05	1e-05	"n"
"9559494"	0.512	1.222	0.256	0.008	1e-05	1e-05	1e-05	1e-05	1e-05	1e-05	1e-05	1e-05	1e-05	1e-05	1e-05	1e-05	"n"
"9559495"	0.848	1e-05	1e-05	1e-05	1e-05	1e-05	1e-05	1e-05	1e-05	1e-05	1e-05	1e-05	1e-05	1e-05	1e-05	1e-05	"n"
"9559496"	0.528	1.29	0.178	0	1e-05	1e-05	1e-05	1e-05	1e-05	1e-05	1e-05	1e-05	1e-05	1e-05	1e-05	1e-05	"n"
"9559497"	0.804	1e-05	1e-05	1e-05	1e-05	1e-05	1e-05	1e-05	1e-05	1e-05	1e-05	1e-05	1e-05	1e-05	1e-05	1e-05	"n"
"9559498"	0.955	1e-05	1e-05	1e-05	1e-05	1e-05	1e-05	1e-05	1e-05	1e-05	1e-05	1e-05	1e-05	1e-05	1e-05	1e-05	"n"
"9559500"	0.498	0.782	0.704	0.014	1e-05	1e-05	1e-05	1e-05	1e-05	1e-05	1e-05	1e-05	1e-05	1e-05	1e-05	1e-05	"n"
"9559501"	0.54	0.908	0.538	0.008	1e-05	1e-05	1e-05	1e-05	1e-05	1e-05	1e-05	1e-05	1e-05	1e-05	1e-05	1e-05	"n"
"9559502"	0.52	0.908	0.548	0.022	1e-05	1e-05	1e-05	1e-05	1e-05	1e-05	1e-05	1e-05	1e-05	1e-05	1e-05	1e-05	"n"
"9559503"	0.686	1e-05	1e-05	1e-05	1e-05	1e-05	1e-05	1e-05	1e-05	1e-05	1e-05	1e-05	1e-05	1e-05	1e-05	1e-05	"n"
"9559515"	0.44	0.922	0.628	0.008	1e-05	1e-05	1e-05	1e-05	1e-05	1e-05	1e-05	1e-05	1e-05	1e-05	1e-05	1e-05	"n"
"9559516"	0.374	1	0.62	0.004	1e-05	1e-05	1e-05	1e-05	1e-05	1e-05	1e-05	1e-05	1e-05	1e-05	1e-05	1e-05	"n"
"9559517"	0.478	0.816	0.7	0.002	1e-05	1e-05	1e-05	1e-05	1e-05	1e-05	1e-05	1e-05	1e-05	1e-05	1e-05	1e-05	"n"
"9559518"	0.56	0.812	0.596	0.03	1e-05	1e-05	1e-05	1e-05	1e-05	1e-05	1e-05	1e-05	1e-05	1e-05	1e-05	1e-05	"n"
"9559520"	0.528	0.856	0.548	0.056	1e-05	1e-05	1e-05	1e-05	1e-05	1e-05	1e-05	1e-05	1e-05	1e-05	1e-05	1e-05	"n"
"9559521"	0.55	0.886	0.558	0.004	1e-05	1e-05	1e-05	1e-05	1e-05	1e-05	1e-05	1e-05	1e-05	1e-05	1e-05	1e-05	"n"
"9559522"	0.492	0.866	0.628	0.008	1e-05	1e-05	1e-05	1e-05	1e-05	1e-05	1e-05	1e-05	1e-05	1e-05	1e-05	1e-05	"n"
"9559523"	0.693	1e-05	1e-05	1e-05	1e-05	1e-05	1e-05	1e-05	1e-05	1e-05	1e-05	1e-05	1e-05	1e-05	1e-05	1e-05	"n"
"9559525"	0.442	0.94	0.578	0.018	1e-05	1e-05	1e-05	1e-05	1e-05	1e-05	1e-05	1e-05	1e-05	1e-05	1e-05	1e-05	"n"
"9559526"	0.428	0.902	0.658	0.008	1e-05	1e-05	1e-05	1e-05	1e-05	1e-05	1e-05	1e-05	1e-05	1e-05	1e-05	1e-05	"n"
"9559529"	0.598	0.876	0.494	0.03	1e-05	1e-05	1e-05	1e-05	1e-05	1e-05	1e-05	1e-05	1e-05	1e-05	1e-05	1e-05	"n"
