""	"1"	"2"	"3"	"4"	"5"	"6"	"7"	"8"	"9"	"10"	"11"	"12"	"13"	"14"	"15"	"16"	"label"
"128110"	0.4	0.512396694214876	0.391735537190083	0.447933884297521	0.226446280991736	0.00826446280991736	0.00661157024793388	0.00495867768595041	1e-05	1e-05	1e-05	1e-05	1e-05	1e-05	1e-05	1e-05	"c"
"128120"	0.327388535031847	0.625477707006369	0.561783439490446	0.371974522292994	0.0535031847133758	0.0394904458598726	1e-05	1e-05	1e-05	1e-05	1e-05	1e-05	1e-05	1e-05	1e-05	1e-05	"c"
"128123"	0.319230769230769	0.698076923076923	0.421153846153846	0.396153846153846	0.0903846153846154	0.0230769230769231	0.0442307692307692	1e-05	1e-05	1e-05	1e-05	1e-05	1e-05	1e-05	1e-05	1e-05	"c"
"128124"	0.32741935483871	0.532258064516129	0.387096774193548	0.545161290322581	0.138709677419355	0.0209677419354839	0.0370967741935484	0.00806451612903226	0.00161290322580645	1e-05	1e-05	1e-05	1e-05	1e-05	1e-05	1e-05	"c"
"128137"	0.266666666666667	0.627586206896552	0.404597701149425	0.491954022988506	0.167816091954023	0.00689655172413793	0.00229885057471264	0.00919540229885057	0.00689655172413793	0.00689655172413793	0.00459770114942529	0	0.00229885057471264	1e-05	1e-05	1e-05	"c"
"128142"	0.426666666666667	0.631111111111111	0.484444444444444	0.191111111111111	0.24	0.00444444444444444	0.00444444444444444	1e-05	1e-05	1e-05	1e-05	1e-05	1e-05	1e-05	1e-05	1e-05	"c"
"128143"	0.353125	0.70625	0.503125	0.296875	0.090625	0.0125	0.0125	1e-05	1e-05	1e-05	1e-05	1e-05	1e-05	1e-05	1e-05	1e-05	"c"
"396607"	0.4	0.657407407407407	0.427777777777778	0.316666666666667	0.153703703703704	0.0111111111111111	0.0222222222222222	0.00740740740740741	1e-05	1e-05	1e-05	1e-05	1e-05	1e-05	1e-05	1e-05	"c"
"396608"	0.3418410041841	0.805439330543933	0.633891213389121	0.0836820083682008	0.116317991631799	0.0117154811715481	0.00334728033472803	0.000836820083682008	0.00125523012552301	1e-05	1e-05	1e-05	1e-05	1e-05	1e-05	1e-05	"c"
"9559195"	0.439344262295082	0.639344262295082	0.39672131147541	0.242622950819672	0.204918032786885	0.0131147540983607	0.0114754098360656	0.0344262295081967	0.0147540983606557	0.00163934426229508	0	0	0	1e-05	1e-05	1e-05	"c"
"9559196"	0.436363636363636	0.706060606060606	0.45	0.175757575757576	0.165151515151515	0.0106060606060606	0.0257575757575758	0.0196969696969697	1e-05	1e-05	1e-05	1e-05	1e-05	1e-05	1e-05	1e-05	"c"
"9559229"	0.388774403470716	0.588015184381779	0.360032537960954	0.403470715835141	0.256670281995662	0.00244034707158351	0.000379609544468547	0.000162689804772234	0	0	0	0	0	0	1e-05	1e-05	"c"
"9559230"	0.390419161676647	0.617125748502994	0.378562874251497	0.363532934131737	0.245449101796407	0.00215568862275449	0.00173652694610778	0.000718562874251497	5.98802395209581e-05	5.98802395209581e-05	0.000119760479041916	0	1e-05	1e-05	1e-05	1e-05	"c"
"9559237"	0.337931034482759	0.786206896551724	0.544827586206897	0.103448275862069	0.213793103448276	0.00689655172413793	0	1e-05	1e-05	1e-05	1e-05	1e-05	1e-05	1e-05	1e-05	1e-05	"c"
"9559249"	0.372151898734177	0.79746835443038	0.572151898734177	0.0278481012658228	0.225316455696203	0	0.00253164556962025	0	1e-05	1e-05	1e-05	1e-05	1e-05	1e-05	1e-05	1e-05	"c"
"9559257"	0.454901960784314	1.12941176470588	0.137254901960784	0.237908496732026	0.0392156862745098	0	0	1e-05	1e-05	1e-05	1e-05	1e-05	1e-05	1e-05	1e-05	1e-05	"c"
"9559258"	0.3	1.06666666666667	0.2	0.15	0.1	0.05	0.116666666666667	0	0	0	1e-05	1e-05	1e-05	1e-05	1e-05	1e-05	"c"
"9559259"	0.450549450549451	1.05714285714286	0.182417582417582	0.210989010989011	0.0923076923076923	0	0.0043956043956044	1e-05	1e-05	1e-05	1e-05	1e-05	1e-05	1e-05	1e-05	1e-05	"c"
"9559266"	0.495530012771392	0.869476372924649	0.263729246487867	0.271392081736909	0.0713920817369093	0.0106002554278416	0.00996168582375479	0.00498084291187739	0.00191570881226054	0.000510855683269476	0.000127713920817369	0	0.000127713920817369	1e-05	1e-05	1e-05	"c"
"9559268"	0.515032679738562	0.954248366013072	0.194771241830065	0.279738562091503	0.0457516339869281	0.00392156862745098	0.00261437908496732	1e-05	1e-05	1e-05	1e-05	1e-05	1e-05	1e-05	1e-05	1e-05	"c"
"9559269"	0.533333333333333	0.6	0.466666666666667	0.186666666666667	0.0133333333333333	0.146666666666667	1e-05	1e-05	1e-05	1e-05	1e-05	1e-05	1e-05	1e-05	1e-05	1e-05	"c"
"9559270"	0.8	0.8	0.2	0	0	0	1e-05	1e-05	1e-05	1e-05	1e-05	1e-05	1e-05	1e-05	1e-05	1e-05	"c"
"9559271"	0.511711711711712	1.1027027027027	0.158558558558559	0.209009009009009	0.0144144144144144	0.0018018018018018	0	1e-05	1e-05	1e-05	1e-05	1e-05	1e-05	1e-05	1e-05	1e-05	"c"
"9559273"	0.294478527607362	0.621472392638037	0.541717791411043	0.49079754601227	0.043558282208589	0.00306748466257669	1e-05	1e-05	1e-05	1e-05	1e-05	1e-05	1e-05	1e-05	1e-05	1e-05	"c"
"9559284"	0.387012987012987	0.627272727272727	0.379220779220779	0.322077922077922	0.246753246753247	0.0142857142857143	0.00909090909090909	0.0103896103896104	0.0025974025974026	0	1e-05	1e-05	1e-05	1e-05	1e-05	1e-05	"c"
"9559285"	0.384	0.648	0.589333333333333	0.312	0.0506666666666667	0.00533333333333333	0.008	1e-05	1e-05	1e-05	1e-05	1e-05	1e-05	1e-05	1e-05	1e-05	"c"
"9559299"	0.496296296296296	0.837037037037037	0.396296296296296	0.212962962962963	0.0444444444444444	0.0037037037037037	0.0037037037037037	0.0037037037037037	0	1e-05	1e-05	1e-05	1e-05	1e-05	1e-05	1e-05	"c"
"9559300"	0.4	0.8	0.6	0	0	0	0	0	1e-05	1e-05	1e-05	1e-05	1e-05	1e-05	1e-05	1e-05	"c"
"9559324"	0.4	1	0.4	0	0	1e-05	1e-05	1e-05	1e-05	1e-05	1e-05	1e-05	1e-05	1e-05	1e-05	1e-05	"c"
"9559325"	0.322641509433962	0.609433962264151	0.292452830188679	0.477358490566038	0.194339622641509	0.0509433962264151	0.00943396226415094	0.0188679245283019	0.0207547169811321	0.00188679245283019	0	0	0	0	0	1e-05	"c"
"9559326"	0.386965376782077	1.12790224032587	0.164562118126273	0.195926680244399	0.064765784114053	0.0566191446028513	0.00162932790224033	0.000407331975560081	0.000407331975560081	0	0	0.000407331975560081	0	0	0	1e-05	"c"
"9559327"	0.373705179282869	1.30318725099602	0.0936254980079681	0.195617529880478	0.0143426294820717	0.0103585657370518	0.00796812749003984	1e-05	1e-05	1e-05	1e-05	1e-05	1e-05	1e-05	1e-05	1e-05	"c"
"9559332"	0.428813559322034	0.776271186440678	0.45593220338983	0.127118644067797	0.151694915254237	0.00593220338983051	0.011864406779661	0.0152542372881356	0.0203389830508475	1e-05	1e-05	1e-05	1e-05	1e-05	1e-05	1e-05	"c"
"9559334"	0.355555555555556	0.766666666666667	0.6	0.0666666666666667	0.188888888888889	0.0111111111111111	1e-05	1e-05	1e-05	1e-05	1e-05	1e-05	1e-05	1e-05	1e-05	1e-05	"c"
"9559335"	0.4125	0.8875	0.4625	0.0375	0.1875	1e-05	1e-05	1e-05	1e-05	1e-05	1e-05	1e-05	1e-05	1e-05	1e-05	1e-05	"c"
"9559336"	0.506	0.926	0.54	0.012	1e-05	1e-05	1e-05	1e-05	1e-05	1e-05	1e-05	1e-05	1e-05	1e-05	1e-05	1e-05	"c"
"9559394"	0.318918918918919	0.908108108108108	0.513513513513513	0.118918918918919	0.135135135135135	0	0	0	1e-05	1e-05	1e-05	1e-05	1e-05	1e-05	1e-05	1e-05	"c"
"9559395"	0.5625	0.9125	0.275	0.0625	0.15	1e-05	1e-05	1e-05	1e-05	1e-05	1e-05	1e-05	1e-05	1e-05	1e-05	1e-05	"c"
"9559396"	0.323456790123457	0.716049382716049	0.517283950617284	0.225925925925926	0.14320987654321	0.0160493827160494	0.0160493827160494	0.0246913580246914	0.0135802469135802	1e-05	1e-05	1e-05	1e-05	1e-05	1e-05	1e-05	"c"
"9559397"	0.418	0.944	0.55	0.054	1e-05	1e-05	1e-05	1e-05	1e-05	1e-05	1e-05	1e-05	1e-05	1e-05	1e-05	1e-05	"c"
"9559399"	0.565217391304348	0.773913043478261	0.360869565217391	0.0608695652173913	0.0391304347826087	0.0869565217391304	0.0652173913043478	0	0	0.0217391304347826	0.00869565217391304	0.0130434782608696	1e-05	1e-05	1e-05	1e-05	"c"
"9559411"	0.487341772151899	0.672151898734177	0.320253164556962	0.39535864978903	0.0616033755274262	0.0181434599156118	0.029535864978903	0.0118143459915612	0.0029535864978903	0.000421940928270042	0	0	0	0	1e-05	1e-05	"c"
"9559413"	0.406756756756757	0.995945945945946	0.198648648648649	0.275675675675676	0.072972972972973	0.027027027027027	0.0189189189189189	0.0027027027027027	1e-05	1e-05	1e-05	1e-05	1e-05	1e-05	1e-05	1e-05	"c"
"9559414"	0.325465838509317	0.629813664596273	0.46832298136646	0.232298136645963	0.195031055900621	0	0.0397515527950311	0.0248447204968944	0.0248447204968944	0.0173913043478261	0.0211180124223602	0.00993788819875776	0.00993788819875776	1e-05	1e-05	1e-05	"c"
"9559415"	0.431818181818182	0.731818181818182	0.581818181818182	0.222727272727273	0.0272727272727273	1e-05	1e-05	1e-05	1e-05	1e-05	1e-05	1e-05	1e-05	1e-05	1e-05	1e-05	"c"
"9559417"	0.344479495268139	0.785488958990536	0.547003154574133	0.226498422712934	0.0649842271293375	0.0100946372239748	0.0176656151419558	0.00126182965299685	0	0	0	0	1e-05	1e-05	1e-05	1e-05	"c"
"9559418"	0.349367088607595	0.840506329113924	0.50379746835443	0.184810126582278	0.0632911392405063	0.00506329113924051	0.0253164556962025	0.020253164556962	0.00506329113924051	1e-05	1e-05	1e-05	1e-05	1e-05	1e-05	1e-05	"c"
"9559419"	0.372727272727273	0.694318181818182	0.557954545454545	0.285227272727273	0.0738636363636364	0.00681818181818182	0.00340909090909091	0.00454545454545455	1e-05	1e-05	1e-05	1e-05	1e-05	1e-05	1e-05	1e-05	"c"
"9559420"	0.58961038961039	0.294805194805195	1e-05	1e-05	1e-05	1e-05	1e-05	1e-05	1e-05	1e-05	1e-05	1e-05	1e-05	1e-05	1e-05	1e-05	"c"
"9559429"	0.270781893004115	0.820576131687243	0.597530864197531	0.265843621399177	0.0329218106995885	0.00329218106995885	0.00493827160493827	0.00246913580246914	0.000823045267489712	0	0	1e-05	1e-05	1e-05	1e-05	1e-05	"c"
"9559431"	0.310666666666667	0.588	0.436	0.456	0.154666666666667	0.016	0.0226666666666667	0.00666666666666667	0	0.00133333333333333	0	0.00266666666666667	0.00266666666666667	0	0	1e-05	"c"
"9559432"	0.433333333333333	0.666666666666667	0.5	0.166666666666667	0.0333333333333333	0	0.0666666666666667	0.1	0	1e-05	1e-05	1e-05	1e-05	1e-05	1e-05	1e-05	"c"
"9559433"	0.648	0.844	0.448	0.046	1e-05	1e-05	1e-05	1e-05	1e-05	1e-05	1e-05	1e-05	1e-05	1e-05	1e-05	1e-05	"c"
"9559434"	0.366666666666667	0.585185185185185	0.288888888888889	0.32962962962963	0.353703703703704	0.0111111111111111	0.0111111111111111	0.0185185185185185	0.0259259259259259	0.00740740740740741	0	1e-05	1e-05	1e-05	1e-05	1e-05	"c"
"9559454"	0.325806451612903	0.782258064516129	0.590322580645161	0.201612903225806	0.0951612903225806	0	0.00161290322580645	1e-05	1e-05	1e-05	1e-05	1e-05	1e-05	1e-05	1e-05	1e-05	"c"
"9559455"	0.541818181818182	0.74	0.42	0.203636363636364	0.0818181818181818	0.0109090909090909	1e-05	1e-05	1e-05	1e-05	1e-05	1e-05	1e-05	1e-05	1e-05	1e-05	"c"
"9559456"	0.36	0.92	0.48	0.04	0	0	0.12	0	0.04	1e-05	1e-05	1e-05	1e-05	1e-05	1e-05	1e-05	"c"
"9559457"	0.435635359116022	0.916574585635359	0.334668508287293	0.189917127071823	0.0487569060773481	0.0350828729281768	0.0279005524861878	0.00566298342541436	0.00110497237569061	0.000828729281767956	0.000966850828729282	0.00110497237569061	0.000828729281767956	0.000552486187845304	0	1e-05	"c"
"9559458"	0.368421052631579	0.852631578947368	0.452631578947368	0.0947368421052632	0.221052631578947	1e-05	1e-05	1e-05	1e-05	1e-05	1e-05	1e-05	1e-05	1e-05	1e-05	1e-05	"c"
"9559484"	0.342105263157895	0.594736842105263	0.523684210526316	0.428947368421053	0.0315789473684211	0.0513157894736842	0.0263157894736842	1e-05	1e-05	1e-05	1e-05	1e-05	1e-05	1e-05	1e-05	1e-05	"c"
"9559485"	0.32258064516129	0.767741935483871	0.47741935483871	0.187096774193548	0.212903225806452	0.0129032258064516	0.0129032258064516	0	0	0	0	1e-05	1e-05	1e-05	1e-05	1e-05	"c"
"9559493"	0.8	0.733333333333333	0.266666666666667	0	0	0.0666666666666667	0	0.0666666666666667	0	0	1e-05	1e-05	1e-05	1e-05	1e-05	1e-05	"c"
"9559506"	0.564725457570715	0.632945091514143	0.250915141430948	0.350748752079867	0.154742096505824	0.0149750415973378	0.0199667221297837	0.00898502495840266	0.00166389351081531	1e-05	1e-05	1e-05	1e-05	1e-05	1e-05	1e-05	"c"
"9559508"	0.38974358974359	0.524786324786325	0.287179487179487	0.473504273504273	0.237606837606838	0.011965811965812	0.011965811965812	0.0307692307692308	0.0273504273504274	1e-05	1e-05	1e-05	1e-05	1e-05	1e-05	1e-05	"c"
"9559509"	0.628571428571429	0.742857142857143	0.4	0.0285714285714286	0	0.0285714285714286	0.142857142857143	1e-05	1e-05	1e-05	1e-05	1e-05	1e-05	1e-05	1e-05	1e-05	"c"
"9559510"	0.612698412698413	0.844444444444444	0.292063492063492	0.13015873015873	0.114285714285714	0	0	1e-05	1e-05	1e-05	1e-05	1e-05	1e-05	1e-05	1e-05	1e-05	"c"
"9559511"	0.493333333333333	0.928	0.32	0.197333333333333	0.0506666666666667	0	0.00266666666666667	0.00533333333333333	1e-05	1e-05	1e-05	1e-05	1e-05	1e-05	1e-05	1e-05	"c"
"9559512"	0.553246753246753	0.906122448979592	0.261595547309833	0.250092764378479	0.0244897959183673	0.00111317254174397	0.00111317254174397	0.00148423005565863	1e-05	1e-05	1e-05	1e-05	1e-05	1e-05	1e-05	1e-05	"c"
"9559513"	0.552941176470588	0.831372549019608	0.354901960784314	0.17843137254902	0.0686274509803922	0.00980392156862745	1e-05	1e-05	1e-05	1e-05	1e-05	1e-05	1e-05	1e-05	1e-05	1e-05	"c"
"9559530"	0.42217659137577	0.75441478439425	0.51170431211499	0.119507186858316	0.186036960985626	0.00164271047227926	0.00205338809034908	0.00164271047227926	0.000410677618069815	1e-05	1e-05	1e-05	1e-05	1e-05	1e-05	1e-05	"c"
"9559531"	0.32	1.04	0.4	0.04	0	0	0.04	0.12	1e-05	1e-05	1e-05	1e-05	1e-05	1e-05	1e-05	1e-05	"c"
"9559532"	0.78	0.712	0.372	0.134	1e-05	1e-05	1e-05	1e-05	1e-05	1e-05	1e-05	1e-05	1e-05	1e-05	1e-05	1e-05	"c"
"9559533"	0.482	0.78	0.63	0.096	1e-05	1e-05	1e-05	1e-05	1e-05	1e-05	1e-05	1e-05	1e-05	1e-05	1e-05	1e-05	"c"
"9559535"	0.533793103448276	0.679080459770115	0.273563218390805	0.24735632183908	0.205057471264368	0.0482758620689655	0.0032183908045977	0.00505747126436782	0.00275862068965517	0.00137931034482759	0	0	1e-05	1e-05	1e-05	1e-05	"c"
"9559536"	0.2	0.6	0	0.8	0.2	0	0	1e-05	1e-05	1e-05	1e-05	1e-05	1e-05	1e-05	1e-05	1e-05	"c"
"9559537"	0.597979797979798	0.662626262626263	0.270707070707071	0.232323232323232	0.187878787878788	0.0262626262626263	0.00606060606060606	0.00606060606060606	0.00404040404040404	0	0.00202020202020202	0	0	0	0	1e-05	"c"
"9559538"	0.377017783857729	0.541450068399453	0.327770177838577	0.423255813953488	0.283720930232558	0.00766073871409029	0.0224350205198358	0.0131326949384405	0.00300957592339261	0.00027359781121751	0	1e-05	1e-05	1e-05	1e-05	1e-05	"c"
"9559539"	0.672	1.092	0.204	0.008	1e-05	1e-05	1e-05	1e-05	1e-05	1e-05	1e-05	1e-05	1e-05	1e-05	1e-05	1e-05	"c"
"9559540"	0.470758122743682	1.01552346570397	0.175090252707581	0.212996389891697	0.108664259927798	0.00866425992779783	0.00649819494584838	0.000722021660649819	0.00036101083032491	0	0	0	0.00036101083032491	1e-05	1e-05	1e-05	"c"
"9559541"	0.526114649681529	0.770700636942675	0.401273885350318	0.14140127388535	0.122292993630573	0.0114649681528662	0.0165605095541401	0.00636942675159236	0.00254777070063694	1e-05	1e-05	1e-05	1e-05	1e-05	1e-05	1e-05	"c"
"9559543"	0.38314606741573	0.896629213483146	0.265168539325843	0.342696629213483	0.0887640449438202	0.0157303370786517	0.00674157303370787	1e-05	1e-05	1e-05	1e-05	1e-05	1e-05	1e-05	1e-05	1e-05	"c"
"9559544"	0.541818181818182	0.770909090909091	0.410909090909091	0.207272727272727	0.0618181818181818	0	0	0.00363636363636364	0	1e-05	1e-05	1e-05	1e-05	1e-05	1e-05	1e-05	"c"
"9559548"	0.56	0.72	0.414545454545455	0.247272727272727	0.0509090909090909	0	0	0.00363636363636364	0	1e-05	1e-05	1e-05	1e-05	1e-05	1e-05	1e-05	"c"
"9559549"	0.5	0.683333333333333	0.608333333333333	0.05	0.15	1e-05	1e-05	1e-05	1e-05	1e-05	1e-05	1e-05	1e-05	1e-05	1e-05	1e-05	"c"
"9559551"	0.334883720930233	0.553488372093023	0.516279069767442	0.213953488372093	0.209302325581395	0.144186046511628	0.0232558139534884	0	0	0	1e-05	1e-05	1e-05	1e-05	1e-05	1e-05	"c"
"9559553"	0.454054054054054	0.767567567567568	0.521621621621622	0.12972972972973	0.1	0.00810810810810811	0.00810810810810811	0.00540540540540541	0	0.0027027027027027	0	0	0	0	1e-05	1e-05	"c"
"9559554"	0.47719298245614	0.982456140350877	0.263157894736842	0.224561403508772	0.0210526315789474	0.0175438596491228	1e-05	1e-05	1e-05	1e-05	1e-05	1e-05	1e-05	1e-05	1e-05	1e-05	"c"
"9559557"	0.2	0.6	1	0	0	1e-05	1e-05	1e-05	1e-05	1e-05	1e-05	1e-05	1e-05	1e-05	1e-05	1e-05	"c"
"9559560"	0.61340206185567	0.961855670103093	0.198969072164948	0.170103092783505	0.0391752577319588	0.00824742268041237	0.00412371134020619	0.00309278350515464	1e-05	1e-05	1e-05	1e-05	1e-05	1e-05	1e-05	1e-05	"c"
"9559566"	0.550877192982456	0.771929824561403	0.435087719298246	0.0350877192982456	0.168421052631579	0.00701754385964912	0.0105263157894737	0.00350877192982456	0.0140350877192982	0	0	1e-05	1e-05	1e-05	1e-05	1e-05	"c"
"9559567"	0.36403785488959	0.729337539432177	0.284542586750789	0.46813880126183	0.100315457413249	0.0315457413249211	0.0145110410094637	1e-05	1e-05	1e-05	1e-05	1e-05	1e-05	1e-05	1e-05	1e-05	"c"
"9559568"	0.366101694915254	0.8	0.542372881355932	0.159322033898305	0.111864406779661	0.00338983050847458	0.00338983050847458	1e-05	1e-05	1e-05	1e-05	1e-05	1e-05	1e-05	1e-05	1e-05	"c"
"9559572"	0.426972010178117	0.630788804071247	0.387022900763359	0.465903307888041	0.0811704834605598	0.00229007633587786	0.00356234096692112	1e-05	1e-05	1e-05	1e-05	1e-05	1e-05	1e-05	1e-05	1e-05	"c"
"128111"	0.36	1.074	0.54	0.022	1e-05	1e-05	1e-05	1e-05	1e-05	1e-05	1e-05	1e-05	1e-05	1e-05	1e-05	1e-05	"k"
"128113"	0.478	0.772	0.734	0.012	1e-05	1e-05	1e-05	1e-05	1e-05	1e-05	1e-05	1e-05	1e-05	1e-05	1e-05	1e-05	"k"
"128114"	0.668	1e-05	1e-05	1e-05	1e-05	1e-05	1e-05	1e-05	1e-05	1e-05	1e-05	1e-05	1e-05	1e-05	1e-05	1e-05	"k"
"128116"	0.566	0.782	0.414	0.216	1e-05	1e-05	1e-05	1e-05	1e-05	1e-05	1e-05	1e-05	1e-05	1e-05	1e-05	1e-05	"k"
"128119"	0.448	0.902	0.644	0.004	1e-05	1e-05	1e-05	1e-05	1e-05	1e-05	1e-05	1e-05	1e-05	1e-05	1e-05	1e-05	"k"
"128125"	0.442	0.912	0.638	0.002	1e-05	1e-05	1e-05	1e-05	1e-05	1e-05	1e-05	1e-05	1e-05	1e-05	1e-05	1e-05	"k"
"128126"	0.604	0.694	0.55	0.148	1e-05	1e-05	1e-05	1e-05	1e-05	1e-05	1e-05	1e-05	1e-05	1e-05	1e-05	1e-05	"k"
"128128"	0.718	1e-05	1e-05	1e-05	1e-05	1e-05	1e-05	1e-05	1e-05	1e-05	1e-05	1e-05	1e-05	1e-05	1e-05	1e-05	"k"
"128129"	0.402	0.986	0.596	0.01	1e-05	1e-05	1e-05	1e-05	1e-05	1e-05	1e-05	1e-05	1e-05	1e-05	1e-05	1e-05	"k"
"128131"	0.318	1.032	0.61	0.034	1e-05	1e-05	1e-05	1e-05	1e-05	1e-05	1e-05	1e-05	1e-05	1e-05	1e-05	1e-05	"k"
"128132"	0.694	0.734	0.396	0.17	1e-05	1e-05	1e-05	1e-05	1e-05	1e-05	1e-05	1e-05	1e-05	1e-05	1e-05	1e-05	"k"
"128133"	0.294	0.968	0.724	0.01	1e-05	1e-05	1e-05	1e-05	1e-05	1e-05	1e-05	1e-05	1e-05	1e-05	1e-05	1e-05	"k"
"128134"	0.394	1.028	0.564	0.01	1e-05	1e-05	1e-05	1e-05	1e-05	1e-05	1e-05	1e-05	1e-05	1e-05	1e-05	1e-05	"k"
"128136"	0.318	0.906	0.772	0.002	1e-05	1e-05	1e-05	1e-05	1e-05	1e-05	1e-05	1e-05	1e-05	1e-05	1e-05	1e-05	"k"
"128138"	0.688	1e-05	1e-05	1e-05	1e-05	1e-05	1e-05	1e-05	1e-05	1e-05	1e-05	1e-05	1e-05	1e-05	1e-05	1e-05	"k"
"128140"	0.966	1e-05	1e-05	1e-05	1e-05	1e-05	1e-05	1e-05	1e-05	1e-05	1e-05	1e-05	1e-05	1e-05	1e-05	1e-05	"k"
"128141"	0.516	1.386	0.088	0.008	1e-05	1e-05	1e-05	1e-05	1e-05	1e-05	1e-05	1e-05	1e-05	1e-05	1e-05	1e-05	"k"
"128145"	0.374	0.672	0.946	0.004	1e-05	1e-05	1e-05	1e-05	1e-05	1e-05	1e-05	1e-05	1e-05	1e-05	1e-05	1e-05	"k"
"128147"	0.703	1e-05	1e-05	1e-05	1e-05	1e-05	1e-05	1e-05	1e-05	1e-05	1e-05	1e-05	1e-05	1e-05	1e-05	1e-05	"k"
"128149"	0.71	1e-05	1e-05	1e-05	1e-05	1e-05	1e-05	1e-05	1e-05	1e-05	1e-05	1e-05	1e-05	1e-05	1e-05	1e-05	"k"
"128150"	0.616	1e-05	1e-05	1e-05	1e-05	1e-05	1e-05	1e-05	1e-05	1e-05	1e-05	1e-05	1e-05	1e-05	1e-05	1e-05	"k"
"9449998"	0.486	0.936	0.566	0.01	1e-05	1e-05	1e-05	1e-05	1e-05	1e-05	1e-05	1e-05	1e-05	1e-05	1e-05	1e-05	"k"
"9449999"	0.41	0.872	0.706	0.01	1e-05	1e-05	1e-05	1e-05	1e-05	1e-05	1e-05	1e-05	1e-05	1e-05	1e-05	1e-05	"k"
"9450000"	0.73	1e-05	1e-05	1e-05	1e-05	1e-05	1e-05	1e-05	1e-05	1e-05	1e-05	1e-05	1e-05	1e-05	1e-05	1e-05	"k"
"9558745"	0.652	1e-05	1e-05	1e-05	1e-05	1e-05	1e-05	1e-05	1e-05	1e-05	1e-05	1e-05	1e-05	1e-05	1e-05	1e-05	"k"
"9559194"	0.634	0.828	0.47	0.064	1e-05	1e-05	1e-05	1e-05	1e-05	1e-05	1e-05	1e-05	1e-05	1e-05	1e-05	1e-05	"k"
"9559197"	0.374	0.89	0.726	0.006	1e-05	1e-05	1e-05	1e-05	1e-05	1e-05	1e-05	1e-05	1e-05	1e-05	1e-05	1e-05	"k"
"9559198"	0.388	0.812	0.79	0.006	1e-05	1e-05	1e-05	1e-05	1e-05	1e-05	1e-05	1e-05	1e-05	1e-05	1e-05	1e-05	"k"
"9559200"	0.456	0.826	0.704	0.01	1e-05	1e-05	1e-05	1e-05	1e-05	1e-05	1e-05	1e-05	1e-05	1e-05	1e-05	1e-05	"k"
"9559201"	0.434	0.84	1e-05	1e-05	1e-05	1e-05	1e-05	1e-05	1e-05	1e-05	1e-05	1e-05	1e-05	1e-05	1e-05	1e-05	"k"
"9559202"	0.462	0.838	0.686	0.01	1e-05	1e-05	1e-05	1e-05	1e-05	1e-05	1e-05	1e-05	1e-05	1e-05	1e-05	1e-05	"k"
"9559231"	0.728	1e-05	1e-05	1e-05	1e-05	1e-05	1e-05	1e-05	1e-05	1e-05	1e-05	1e-05	1e-05	1e-05	1e-05	1e-05	"k"
"9559232"	0.526	0.888	0.552	0.03	1e-05	1e-05	1e-05	1e-05	1e-05	1e-05	1e-05	1e-05	1e-05	1e-05	1e-05	1e-05	"k"
"9559233"	0.564	0.918	0.504	0.01	1e-05	1e-05	1e-05	1e-05	1e-05	1e-05	1e-05	1e-05	1e-05	1e-05	1e-05	1e-05	"k"
"9559234"	0.699	1e-05	1e-05	1e-05	1e-05	1e-05	1e-05	1e-05	1e-05	1e-05	1e-05	1e-05	1e-05	1e-05	1e-05	1e-05	"k"
"9559235"	0.312	0.894	0.784	0.008	1e-05	1e-05	1e-05	1e-05	1e-05	1e-05	1e-05	1e-05	1e-05	1e-05	1e-05	1e-05	"k"
"9559237-1"	0.468	0.948	0.566	0.008	1e-05	1e-05	1e-05	1e-05	1e-05	1e-05	1e-05	1e-05	1e-05	1e-05	1e-05	1e-05	"k"
"9559238"	0.494	0.84	0.654	0.002	1e-05	1e-05	1e-05	1e-05	1e-05	1e-05	1e-05	1e-05	1e-05	1e-05	1e-05	1e-05	"k"
"9559239"	0.43	0.928	0.63	0.006	1e-05	1e-05	1e-05	1e-05	1e-05	1e-05	1e-05	1e-05	1e-05	1e-05	1e-05	1e-05	"k"
"9559240"	0.554	0.87	0.554	0.02	1e-05	1e-05	1e-05	1e-05	1e-05	1e-05	1e-05	1e-05	1e-05	1e-05	1e-05	1e-05	"k"
"9559241"	0.636	0.78	0.234	0.3	1e-05	1e-05	1e-05	1e-05	1e-05	1e-05	1e-05	1e-05	1e-05	1e-05	1e-05	1e-05	"k"
"9559246"	0.584	1.354	0.058	0	1e-05	1e-05	1e-05	1e-05	1e-05	1e-05	1e-05	1e-05	1e-05	1e-05	1e-05	1e-05	"k"
"9559247"	0.624	0.742	0.26	0.332	1e-05	1e-05	1e-05	1e-05	1e-05	1e-05	1e-05	1e-05	1e-05	1e-05	1e-05	1e-05	"k"
"9559248"	0.306	0.884	0.804	0.004	1e-05	1e-05	1e-05	1e-05	1e-05	1e-05	1e-05	1e-05	1e-05	1e-05	1e-05	1e-05	"k"
"9559250"	0.452	1.172	0.37	0.004	1e-05	1e-05	1e-05	1e-05	1e-05	1e-05	1e-05	1e-05	1e-05	1e-05	1e-05	1e-05	"k"
"9559261"	0.943	1e-05	1e-05	1e-05	1e-05	1e-05	1e-05	1e-05	1e-05	1e-05	1e-05	1e-05	1e-05	1e-05	1e-05	1e-05	"k"
"9559265"	0.606	0.73	0.436	0.222	1e-05	1e-05	1e-05	1e-05	1e-05	1e-05	1e-05	1e-05	1e-05	1e-05	1e-05	1e-05	"k"
"9559267"	0.496	1.482	0.012	0.008	1e-05	1e-05	1e-05	1e-05	1e-05	1e-05	1e-05	1e-05	1e-05	1e-05	1e-05	1e-05	"k"
"9559272"	0.79	1e-05	1e-05	1e-05	1e-05	1e-05	1e-05	1e-05	1e-05	1e-05	1e-05	1e-05	1e-05	1e-05	1e-05	1e-05	"k"
"9559275"	0.32	0.878	0.79	0.006	1e-05	1e-05	1e-05	1e-05	1e-05	1e-05	1e-05	1e-05	1e-05	1e-05	1e-05	1e-05	"k"
"9559277"	0.46	0.874	0.646	0.012	1e-05	1e-05	1e-05	1e-05	1e-05	1e-05	1e-05	1e-05	1e-05	1e-05	1e-05	1e-05	"k"
"9559283"	0.628	0.768	0.256	0.31	1e-05	1e-05	1e-05	1e-05	1e-05	1e-05	1e-05	1e-05	1e-05	1e-05	1e-05	1e-05	"k"
"9559286"	0.386	0.978	0.63	0.004	1e-05	1e-05	1e-05	1e-05	1e-05	1e-05	1e-05	1e-05	1e-05	1e-05	1e-05	1e-05	"k"
"9559287"	0.334	0.912	0.746	0.006	1e-05	1e-05	1e-05	1e-05	1e-05	1e-05	1e-05	1e-05	1e-05	1e-05	1e-05	1e-05	"k"
"9559288"	0.386	0.882	0.724	0.004	1e-05	1e-05	1e-05	1e-05	1e-05	1e-05	1e-05	1e-05	1e-05	1e-05	1e-05	1e-05	"k"
"9559289"	0.476	0.898	0.614	0.006	1e-05	1e-05	1e-05	1e-05	1e-05	1e-05	1e-05	1e-05	1e-05	1e-05	1e-05	1e-05	"k"
"9559290"	0.488	0.872	0.618	0.016	1e-05	1e-05	1e-05	1e-05	1e-05	1e-05	1e-05	1e-05	1e-05	1e-05	1e-05	1e-05	"k"
"9559291"	0.464	0.932	0.588	0.014	1e-05	1e-05	1e-05	1e-05	1e-05	1e-05	1e-05	1e-05	1e-05	1e-05	1e-05	1e-05	"k"
"9559292"	0.596	0.874	0.506	0.014	1e-05	1e-05	1e-05	1e-05	1e-05	1e-05	1e-05	1e-05	1e-05	1e-05	1e-05	1e-05	"k"
"9559295"	0.452	0.908	0.634	0.002	1e-05	1e-05	1e-05	1e-05	1e-05	1e-05	1e-05	1e-05	1e-05	1e-05	1e-05	1e-05	"k"
"9559296"	0.818	1e-05	1e-05	1e-05	1e-05	1e-05	1e-05	1e-05	1e-05	1e-05	1e-05	1e-05	1e-05	1e-05	1e-05	1e-05	"k"
"9559297"	0.3	1.004	0.688	0.002	1e-05	1e-05	1e-05	1e-05	1e-05	1e-05	1e-05	1e-05	1e-05	1e-05	1e-05	1e-05	"k"
"9559298"	0.546	0.918	0.5	0.022	1e-05	1e-05	1e-05	1e-05	1e-05	1e-05	1e-05	1e-05	1e-05	1e-05	1e-05	1e-05	"k"
"9559398"	0.464	0.936	0.586	0.01	1e-05	1e-05	1e-05	1e-05	1e-05	1e-05	1e-05	1e-05	1e-05	1e-05	1e-05	1e-05	"k"
"9559412"	0.344	0.9	0.74	0.008	1e-05	1e-05	1e-05	1e-05	1e-05	1e-05	1e-05	1e-05	1e-05	1e-05	1e-05	1e-05	"k"
"9559430"	0.542	0.836	0.6	0.01	1e-05	1e-05	1e-05	1e-05	1e-05	1e-05	1e-05	1e-05	1e-05	1e-05	1e-05	1e-05	"k"
"9559482"	0.684	1e-05	1e-05	1e-05	1e-05	1e-05	1e-05	1e-05	1e-05	1e-05	1e-05	1e-05	1e-05	1e-05	1e-05	1e-05	"k"
"9559486"	0.568	0.884	0.532	0.012	1e-05	1e-05	1e-05	1e-05	1e-05	1e-05	1e-05	1e-05	1e-05	1e-05	1e-05	1e-05	"k"
"9559488"	0.406	0.938	0.634	0.016	1e-05	1e-05	1e-05	1e-05	1e-05	1e-05	1e-05	1e-05	1e-05	1e-05	1e-05	1e-05	"k"
"9559489"	0.566	0.786	0.562	0.072	1e-05	1e-05	1e-05	1e-05	1e-05	1e-05	1e-05	1e-05	1e-05	1e-05	1e-05	1e-05	"k"
"9559490"	0.422	0.982	0.586	0.008	1e-05	1e-05	1e-05	1e-05	1e-05	1e-05	1e-05	1e-05	1e-05	1e-05	1e-05	1e-05	"k"
"9559491"	0.698	1.12	0.176	0.004	1e-05	1e-05	1e-05	1e-05	1e-05	1e-05	1e-05	1e-05	1e-05	1e-05	1e-05	1e-05	"k"
"9559504"	0.526	0.922	0.524	0.026	1e-05	1e-05	1e-05	1e-05	1e-05	1e-05	1e-05	1e-05	1e-05	1e-05	1e-05	1e-05	"k"
"9559505"	0.564	0.838	0.582	0.014	1e-05	1e-05	1e-05	1e-05	1e-05	1e-05	1e-05	1e-05	1e-05	1e-05	1e-05	1e-05	"k"
"9559507"	0.584	0.988	0.39	0.034	1e-05	1e-05	1e-05	1e-05	1e-05	1e-05	1e-05	1e-05	1e-05	1e-05	1e-05	1e-05	"k"
"9559542"	0.647	1e-05	1e-05	1e-05	1e-05	1e-05	1e-05	1e-05	1e-05	1e-05	1e-05	1e-05	1e-05	1e-05	1e-05	1e-05	"k"
"9559546"	0.644	1e-05	1e-05	1e-05	1e-05	1e-05	1e-05	1e-05	1e-05	1e-05	1e-05	1e-05	1e-05	1e-05	1e-05	1e-05	"k"
"9559547"	0.584	1.302	0.094	0.008	1e-05	1e-05	1e-05	1e-05	1e-05	1e-05	1e-05	1e-05	1e-05	1e-05	1e-05	1e-05	"k"
"9559550"	0.592	0.888	0.49	0.022	1e-05	1e-05	1e-05	1e-05	1e-05	1e-05	1e-05	1e-05	1e-05	1e-05	1e-05	1e-05	"k"
"9559561"	0.846	0.824	0.298	0.026	1e-05	1e-05	1e-05	1e-05	1e-05	1e-05	1e-05	1e-05	1e-05	1e-05	1e-05	1e-05	"k"
"9559565"	0.839	1e-05	1e-05	1e-05	1e-05	1e-05	1e-05	1e-05	1e-05	1e-05	1e-05	1e-05	1e-05	1e-05	1e-05	1e-05	"k"
"9559570"	0.502	0.722	0.678	0.096	1e-05	1e-05	1e-05	1e-05	1e-05	1e-05	1e-05	1e-05	1e-05	1e-05	1e-05	1e-05	"k"
"9387261"	0.552	0.858	0.576	0.008	1e-05	1e-05	1e-05	1e-05	1e-05	1e-05	1e-05	1e-05	1e-05	1e-05	1e-05	1e-05	"n"
"9387262"	0.63	0.868	0.46	0.04	1e-05	1e-05	1e-05	1e-05	1e-05	1e-05	1e-05	1e-05	1e-05	1e-05	1e-05	1e-05	"n"
"9387279"	0.348	0.992	0.646	0.01	1e-05	1e-05	1e-05	1e-05	1e-05	1e-05	1e-05	1e-05	1e-05	1e-05	1e-05	1e-05	"n"
"9558701"	0.584	0.852	0.52	0.042	1e-05	1e-05	1e-05	1e-05	1e-05	1e-05	1e-05	1e-05	1e-05	1e-05	1e-05	1e-05	"n"
"9558702"	0.598	0.826	0.464	0.104	1e-05	1e-05	1e-05	1e-05	1e-05	1e-05	1e-05	1e-05	1e-05	1e-05	1e-05	1e-05	"n"
"9558703"	0.454	0.914	0.62	0.01	1e-05	1e-05	1e-05	1e-05	1e-05	1e-05	1e-05	1e-05	1e-05	1e-05	1e-05	1e-05	"n"
"9558704"	0.456	0.974	0.552	0.008	1e-05	1e-05	1e-05	1e-05	1e-05	1e-05	1e-05	1e-05	1e-05	1e-05	1e-05	1e-05	"n"
"9558705"	0.562	0.77	0.63	0.034	1e-05	1e-05	1e-05	1e-05	1e-05	1e-05	1e-05	1e-05	1e-05	1e-05	1e-05	1e-05	"n"
"9558706"	0.715	1e-05	1e-05	1e-05	1e-05	1e-05	1e-05	1e-05	1e-05	1e-05	1e-05	1e-05	1e-05	1e-05	1e-05	1e-05	"n"
"9558707"	0.65	0.836	0.474	0.038	1e-05	1e-05	1e-05	1e-05	1e-05	1e-05	1e-05	1e-05	1e-05	1e-05	1e-05	1e-05	"n"
"9558708"	0.526	0.878	0.582	0.006	1e-05	1e-05	1e-05	1e-05	1e-05	1e-05	1e-05	1e-05	1e-05	1e-05	1e-05	1e-05	"n"
"9558709"	0.588	0.86	0.522	0.022	1e-05	1e-05	1e-05	1e-05	1e-05	1e-05	1e-05	1e-05	1e-05	1e-05	1e-05	1e-05	"n"
"9558710"	0.616	0.662	0.534	0.182	1e-05	1e-05	1e-05	1e-05	1e-05	1e-05	1e-05	1e-05	1e-05	1e-05	1e-05	1e-05	"n"
"9558711"	0.714	1e-05	1e-05	1e-05	1e-05	1e-05	1e-05	1e-05	1e-05	1e-05	1e-05	1e-05	1e-05	1e-05	1e-05	1e-05	"n"
"9558712"	0.608	0.876	0.49	0.022	1e-05	1e-05	1e-05	1e-05	1e-05	1e-05	1e-05	1e-05	1e-05	1e-05	1e-05	1e-05	"n"
"9558713"	0.576	0.862	0.54	0.02	1e-05	1e-05	1e-05	1e-05	1e-05	1e-05	1e-05	1e-05	1e-05	1e-05	1e-05	1e-05	"n"
"9558714"	0.356	0.782	0.846	0.008	1e-05	1e-05	1e-05	1e-05	1e-05	1e-05	1e-05	1e-05	1e-05	1e-05	1e-05	1e-05	"n"
"9558715"	0.556	0.82	0.58	0.042	1e-05	1e-05	1e-05	1e-05	1e-05	1e-05	1e-05	1e-05	1e-05	1e-05	1e-05	1e-05	"n"
"9558716"	0.636	0.8	0.41	0.144	1e-05	1e-05	1e-05	1e-05	1e-05	1e-05	1e-05	1e-05	1e-05	1e-05	1e-05	1e-05	"n"
"9558717"	0.306	0.952	0.726	0.01	1e-05	1e-05	1e-05	1e-05	1e-05	1e-05	1e-05	1e-05	1e-05	1e-05	1e-05	1e-05	"n"
"9558719"	0.34	0.946	0.706	0.006	1e-05	1e-05	1e-05	1e-05	1e-05	1e-05	1e-05	1e-05	1e-05	1e-05	1e-05	1e-05	"n"
"9558720"	0.696	1e-05	1e-05	1e-05	1e-05	1e-05	1e-05	1e-05	1e-05	1e-05	1e-05	1e-05	1e-05	1e-05	1e-05	1e-05	"n"
"9558723"	0.46	0.97	0.554	0.012	1e-05	1e-05	1e-05	1e-05	1e-05	1e-05	1e-05	1e-05	1e-05	1e-05	1e-05	1e-05	"n"
"9558725"	0.408	0.972	0.61	0.008	1e-05	1e-05	1e-05	1e-05	1e-05	1e-05	1e-05	1e-05	1e-05	1e-05	1e-05	1e-05	"n"
"9558726"	0.514	0.83	0.626	0.028	1e-05	1e-05	1e-05	1e-05	1e-05	1e-05	1e-05	1e-05	1e-05	1e-05	1e-05	1e-05	"n"
"9558728"	0.642	1e-05	1e-05	1e-05	1e-05	1e-05	1e-05	1e-05	1e-05	1e-05	1e-05	1e-05	1e-05	1e-05	1e-05	1e-05	"n"
"9558729"	0.41	0.762	1e-05	1e-05	1e-05	1e-05	1e-05	1e-05	1e-05	1e-05	1e-05	1e-05	1e-05	1e-05	1e-05	1e-05	"n"
"9558732"	0.424	0.84	0.728	0.006	1e-05	1e-05	1e-05	1e-05	1e-05	1e-05	1e-05	1e-05	1e-05	1e-05	1e-05	1e-05	"n"
"9558733"	0.47	0.912	0.614	0.002	1e-05	1e-05	1e-05	1e-05	1e-05	1e-05	1e-05	1e-05	1e-05	1e-05	1e-05	1e-05	"n"
"9558735"	0.392	0.876	0.73	0	1e-05	1e-05	1e-05	1e-05	1e-05	1e-05	1e-05	1e-05	1e-05	1e-05	1e-05	1e-05	"n"
"9558736"	0.742	1e-05	1e-05	1e-05	1e-05	1e-05	1e-05	1e-05	1e-05	1e-05	1e-05	1e-05	1e-05	1e-05	1e-05	1e-05	"n"
"9558737"	0.596	0.858	0.51	0.034	1e-05	1e-05	1e-05	1e-05	1e-05	1e-05	1e-05	1e-05	1e-05	1e-05	1e-05	1e-05	"n"
"9558738"	0.45	0.952	0.582	0.014	1e-05	1e-05	1e-05	1e-05	1e-05	1e-05	1e-05	1e-05	1e-05	1e-05	1e-05	1e-05	"n"
"9558739"	0.532	0.826	0.624	0.016	1e-05	1e-05	1e-05	1e-05	1e-05	1e-05	1e-05	1e-05	1e-05	1e-05	1e-05	1e-05	"n"
"9558740"	0.514	0.864	0.61	0.01	1e-05	1e-05	1e-05	1e-05	1e-05	1e-05	1e-05	1e-05	1e-05	1e-05	1e-05	1e-05	"n"
"9558741"	0.316	0.938	0.742	0.002	1e-05	1e-05	1e-05	1e-05	1e-05	1e-05	1e-05	1e-05	1e-05	1e-05	1e-05	1e-05	"n"
"9558742"	0.528	0.906	0.546	0.012	1e-05	1e-05	1e-05	1e-05	1e-05	1e-05	1e-05	1e-05	1e-05	1e-05	1e-05	1e-05	"n"
"9558743"	0.663	1e-05	1e-05	1e-05	1e-05	1e-05	1e-05	1e-05	1e-05	1e-05	1e-05	1e-05	1e-05	1e-05	1e-05	1e-05	"n"
"9558744"	0.456	0.954	0.584	0.004	1e-05	1e-05	1e-05	1e-05	1e-05	1e-05	1e-05	1e-05	1e-05	1e-05	1e-05	1e-05	"n"
"9558746"	0.7	1e-05	1e-05	1e-05	1e-05	1e-05	1e-05	1e-05	1e-05	1e-05	1e-05	1e-05	1e-05	1e-05	1e-05	1e-05	"n"
"9558747"	0.642	0.812	0.49	0.048	1e-05	1e-05	1e-05	1e-05	1e-05	1e-05	1e-05	1e-05	1e-05	1e-05	1e-05	1e-05	"n"
"9558748"	0.576	0.878	0.5	0.044	1e-05	1e-05	1e-05	1e-05	1e-05	1e-05	1e-05	1e-05	1e-05	1e-05	1e-05	1e-05	"n"
"9558750"	0.502	0.778	0.65	0.066	1e-05	1e-05	1e-05	1e-05	1e-05	1e-05	1e-05	1e-05	1e-05	1e-05	1e-05	1e-05	"n"
"9558752"	0.444	0.868	0.674	0.01	1e-05	1e-05	1e-05	1e-05	1e-05	1e-05	1e-05	1e-05	1e-05	1e-05	1e-05	1e-05	"n"
"9558753"	0.606	0.818	0.512	0.062	1e-05	1e-05	1e-05	1e-05	1e-05	1e-05	1e-05	1e-05	1e-05	1e-05	1e-05	1e-05	"n"
"9558754"	0.376	0.944	0.674	0.002	1e-05	1e-05	1e-05	1e-05	1e-05	1e-05	1e-05	1e-05	1e-05	1e-05	1e-05	1e-05	"n"
"9558755"	0.432	0.948	0.612	0.004	1e-05	1e-05	1e-05	1e-05	1e-05	1e-05	1e-05	1e-05	1e-05	1e-05	1e-05	1e-05	"n"
"9558756"	0.729	1e-05	1e-05	1e-05	1e-05	1e-05	1e-05	1e-05	1e-05	1e-05	1e-05	1e-05	1e-05	1e-05	1e-05	1e-05	"n"
"9558757"	0.388	0.852	0.756	0.002	1e-05	1e-05	1e-05	1e-05	1e-05	1e-05	1e-05	1e-05	1e-05	1e-05	1e-05	1e-05	"n"
"9558758"	0.607	1e-05	1e-05	1e-05	1e-05	1e-05	1e-05	1e-05	1e-05	1e-05	1e-05	1e-05	1e-05	1e-05	1e-05	1e-05	"n"
"9558759"	0.542	0.768	0.658	0.028	1e-05	1e-05	1e-05	1e-05	1e-05	1e-05	1e-05	1e-05	1e-05	1e-05	1e-05	1e-05	"n"
"9558760"	0.615	1e-05	1e-05	1e-05	1e-05	1e-05	1e-05	1e-05	1e-05	1e-05	1e-05	1e-05	1e-05	1e-05	1e-05	1e-05	"n"
"9559181"	0.49	0.872	0.608	0.02	1e-05	1e-05	1e-05	1e-05	1e-05	1e-05	1e-05	1e-05	1e-05	1e-05	1e-05	1e-05	"n"
"9559182"	0.498	0.824	0.642	0.032	1e-05	1e-05	1e-05	1e-05	1e-05	1e-05	1e-05	1e-05	1e-05	1e-05	1e-05	1e-05	"n"
"9559184"	0.492	0.884	0.608	0.008	1e-05	1e-05	1e-05	1e-05	1e-05	1e-05	1e-05	1e-05	1e-05	1e-05	1e-05	1e-05	"n"
"9559185"	0.514	0.844	0.602	0.038	1e-05	1e-05	1e-05	1e-05	1e-05	1e-05	1e-05	1e-05	1e-05	1e-05	1e-05	1e-05	"n"
"9559186"	0.468	0.91	0.604	0.01	1e-05	1e-05	1e-05	1e-05	1e-05	1e-05	1e-05	1e-05	1e-05	1e-05	1e-05	1e-05	"n"
"9559187"	0.703	1e-05	1e-05	1e-05	1e-05	1e-05	1e-05	1e-05	1e-05	1e-05	1e-05	1e-05	1e-05	1e-05	1e-05	1e-05	"n"
"9559190"	0.476	0.818	0.7	0.002	1e-05	1e-05	1e-05	1e-05	1e-05	1e-05	1e-05	1e-05	1e-05	1e-05	1e-05	1e-05	"n"
"9559205"	0.48	0.812	0.694	0.01	1e-05	1e-05	1e-05	1e-05	1e-05	1e-05	1e-05	1e-05	1e-05	1e-05	1e-05	1e-05	"n"
"9559214"	0.639	1e-05	1e-05	1e-05	1e-05	1e-05	1e-05	1e-05	1e-05	1e-05	1e-05	1e-05	1e-05	1e-05	1e-05	1e-05	"n"
"9559215"	0.646	1e-05	1e-05	1e-05	1e-05	1e-05	1e-05	1e-05	1e-05	1e-05	1e-05	1e-05	1e-05	1e-05	1e-05	1e-05	"n"
"9559402"	0.55	0.812	0.6	0.034	1e-05	1e-05	1e-05	1e-05	1e-05	1e-05	1e-05	1e-05	1e-05	1e-05	1e-05	1e-05	"n"
"9559403"	0.642	0.806	0.462	0.088	1e-05	1e-05	1e-05	1e-05	1e-05	1e-05	1e-05	1e-05	1e-05	1e-05	1e-05	1e-05	"n"
"9559404"	0.566	0.872	0.536	0.024	1e-05	1e-05	1e-05	1e-05	1e-05	1e-05	1e-05	1e-05	1e-05	1e-05	1e-05	1e-05	"n"
"9559405"	0.316	0.962	0.704	0.012	1e-05	1e-05	1e-05	1e-05	1e-05	1e-05	1e-05	1e-05	1e-05	1e-05	1e-05	1e-05	"n"
"9559406"	0.464	0.916	0.6	0.014	1e-05	1e-05	1e-05	1e-05	1e-05	1e-05	1e-05	1e-05	1e-05	1e-05	1e-05	1e-05	"n"
"9559407"	0.376	0.92	0.694	0.006	1e-05	1e-05	1e-05	1e-05	1e-05	1e-05	1e-05	1e-05	1e-05	1e-05	1e-05	1e-05	"n"
"9559408"	0.744	0.73	0.404	0.116	1e-05	1e-05	1e-05	1e-05	1e-05	1e-05	1e-05	1e-05	1e-05	1e-05	1e-05	1e-05	"n"
"9559409"	0.522	0.928	0.538	0.008	1e-05	1e-05	1e-05	1e-05	1e-05	1e-05	1e-05	1e-05	1e-05	1e-05	1e-05	1e-05	"n"
"9559410"	0.613	1e-05	1e-05	1e-05	1e-05	1e-05	1e-05	1e-05	1e-05	1e-05	1e-05	1e-05	1e-05	1e-05	1e-05	1e-05	"n"
"9559421"	0.424	0.84	0.724	0.01	1e-05	1e-05	1e-05	1e-05	1e-05	1e-05	1e-05	1e-05	1e-05	1e-05	1e-05	1e-05	"n"
"9559422"	0.432	0.96	0.596	0.002	1e-05	1e-05	1e-05	1e-05	1e-05	1e-05	1e-05	1e-05	1e-05	1e-05	1e-05	1e-05	"n"
"9559424"	0.702	1e-05	1e-05	1e-05	1e-05	1e-05	1e-05	1e-05	1e-05	1e-05	1e-05	1e-05	1e-05	1e-05	1e-05	1e-05	"n"
"9559425"	0.584	0.824	0.554	0.036	1e-05	1e-05	1e-05	1e-05	1e-05	1e-05	1e-05	1e-05	1e-05	1e-05	1e-05	1e-05	"n"
"9559426"	0.6	0.85	0.524	0.02	1e-05	1e-05	1e-05	1e-05	1e-05	1e-05	1e-05	1e-05	1e-05	1e-05	1e-05	1e-05	"n"
"9559436"	0.554	0.868	0.562	0.01	1e-05	1e-05	1e-05	1e-05	1e-05	1e-05	1e-05	1e-05	1e-05	1e-05	1e-05	1e-05	"n"
"9559439"	0.576	0.904	0.504	0.012	1e-05	1e-05	1e-05	1e-05	1e-05	1e-05	1e-05	1e-05	1e-05	1e-05	1e-05	1e-05	"n"
"9559442"	0.384	0.956	0.65	0.008	1e-05	1e-05	1e-05	1e-05	1e-05	1e-05	1e-05	1e-05	1e-05	1e-05	1e-05	1e-05	"n"
"9559445"	0.616	0.95	0.406	0.024	1e-05	1e-05	1e-05	1e-05	1e-05	1e-05	1e-05	1e-05	1e-05	1e-05	1e-05	1e-05	"n"
"9559448"	0.484	0.898	0.602	0.008	1e-05	1e-05	1e-05	1e-05	1e-05	1e-05	1e-05	1e-05	1e-05	1e-05	1e-05	1e-05	"n"
"9559449"	0.662	1e-05	1e-05	1e-05	1e-05	1e-05	1e-05	1e-05	1e-05	1e-05	1e-05	1e-05	1e-05	1e-05	1e-05	1e-05	"n"
"9559494"	0.542	1.192	0.258	0.006	1e-05	1e-05	1e-05	1e-05	1e-05	1e-05	1e-05	1e-05	1e-05	1e-05	1e-05	1e-05	"n"
"9559495"	0.57	1.166	0.256	0.006	1e-05	1e-05	1e-05	1e-05	1e-05	1e-05	1e-05	1e-05	1e-05	1e-05	1e-05	1e-05	"n"
"9559496"	0.458	1.342	0.188	0.01	1e-05	1e-05	1e-05	1e-05	1e-05	1e-05	1e-05	1e-05	1e-05	1e-05	1e-05	1e-05	"n"
"9559497"	0.478	1.162	0.348	0.01	1e-05	1e-05	1e-05	1e-05	1e-05	1e-05	1e-05	1e-05	1e-05	1e-05	1e-05	1e-05	"n"
"9559498"	0.472	1.396	0.126	0.002	1e-05	1e-05	1e-05	1e-05	1e-05	1e-05	1e-05	1e-05	1e-05	1e-05	1e-05	1e-05	"n"
"9559500"	0.464	0.802	0.714	0.018	1e-05	1e-05	1e-05	1e-05	1e-05	1e-05	1e-05	1e-05	1e-05	1e-05	1e-05	1e-05	"n"
"9559501"	0.516	0.968	0.504	0.008	1e-05	1e-05	1e-05	1e-05	1e-05	1e-05	1e-05	1e-05	1e-05	1e-05	1e-05	1e-05	"n"
"9559502"	0.54	0.948	0.506	0.004	1e-05	1e-05	1e-05	1e-05	1e-05	1e-05	1e-05	1e-05	1e-05	1e-05	1e-05	1e-05	"n"
"9559503"	0.436	0.95	0.602	0.008	1e-05	1e-05	1e-05	1e-05	1e-05	1e-05	1e-05	1e-05	1e-05	1e-05	1e-05	1e-05	"n"
"9559515"	0.42	0.894	0.672	0.012	1e-05	1e-05	1e-05	1e-05	1e-05	1e-05	1e-05	1e-05	1e-05	1e-05	1e-05	1e-05	"n"
"9559516"	0.424	0.928	0.638	0.008	1e-05	1e-05	1e-05	1e-05	1e-05	1e-05	1e-05	1e-05	1e-05	1e-05	1e-05	1e-05	"n"
"9559517"	0.46	0.824	0.71	0.004	1e-05	1e-05	1e-05	1e-05	1e-05	1e-05	1e-05	1e-05	1e-05	1e-05	1e-05	1e-05	"n"
"9559518"	0.542	0.79	0.622	0.042	1e-05	1e-05	1e-05	1e-05	1e-05	1e-05	1e-05	1e-05	1e-05	1e-05	1e-05	1e-05	"n"
"9559520"	0.556	0.858	0.552	0.032	1e-05	1e-05	1e-05	1e-05	1e-05	1e-05	1e-05	1e-05	1e-05	1e-05	1e-05	1e-05	"n"
"9559521"	0.697	1e-05	1e-05	1e-05	1e-05	1e-05	1e-05	1e-05	1e-05	1e-05	1e-05	1e-05	1e-05	1e-05	1e-05	1e-05	"n"
"9559522"	0.695	1e-05	1e-05	1e-05	1e-05	1e-05	1e-05	1e-05	1e-05	1e-05	1e-05	1e-05	1e-05	1e-05	1e-05	1e-05	"n"
"9559523"	0.51	0.904	0.574	0.01	1e-05	1e-05	1e-05	1e-05	1e-05	1e-05	1e-05	1e-05	1e-05	1e-05	1e-05	1e-05	"n"
"9559525"	0.466	0.896	0.622	0.008	1e-05	1e-05	1e-05	1e-05	1e-05	1e-05	1e-05	1e-05	1e-05	1e-05	1e-05	1e-05	"n"
"9559526"	0.482	0.882	0.624	0.008	1e-05	1e-05	1e-05	1e-05	1e-05	1e-05	1e-05	1e-05	1e-05	1e-05	1e-05	1e-05	"n"
"9559529"	0.662	0.842	0.452	0.04	1e-05	1e-05	1e-05	1e-05	1e-05	1e-05	1e-05	1e-05	1e-05	1e-05	1e-05	1e-05	"n"
