""	"1"	"2"	"3"	"4"	"5"	"6"	"7"	"8"	"9"	"10"	"11"	"12"	"13"	"14"	"15"	"16"	"label"
"128110"	0.371900826446281	0.570247933884298	0.373553719008264	0.466115702479339	0.196694214876033	0.00826446280991736	0.00661157024793388	0.00495867768595041	1e-05	1e-05	1e-05	1e-05	1e-05	1e-05	1e-05	1e-05	"c"
"128120"	0.380891719745223	0.629299363057325	0.54140127388535	0.336305732484076	0.0522292993630573	0.0394904458598726	1e-05	1e-05	1e-05	1e-05	1e-05	1e-05	1e-05	1e-05	1e-05	1e-05	"c"
"128123"	0.296153846153846	0.713461538461538	0.425	0.401923076923077	0.0884615384615385	0.0230769230769231	0.0442307692307692	1e-05	1e-05	1e-05	1e-05	1e-05	1e-05	1e-05	1e-05	1e-05	"c"
"128124"	0.27741935483871	0.585483870967742	0.395161290322581	0.514516129032258	0.158064516129032	0.0209677419354839	0.0370967741935484	0.00806451612903226	0.00161290322580645	1e-05	1e-05	1e-05	1e-05	1e-05	1e-05	1e-05	"c"
"128137"	0.275862068965517	0.629885057471264	0.485057471264368	0.406896551724138	0.160919540229885	0.00689655172413793	0.00229885057471264	0.00919540229885057	0.00689655172413793	0.00689655172413793	0.00459770114942529	0	0.00229885057471264	1e-05	1e-05	1e-05	"c"
"128142"	0.288888888888889	0.768888888888889	0.453333333333333	0.177777777777778	0.284444444444444	0.00444444444444444	0.00444444444444444	1e-05	1e-05	1e-05	1e-05	1e-05	1e-05	1e-05	1e-05	1e-05	"c"
"128143"	0.30625	0.684375	0.5625	0.30625	0.090625	0.0125	0.0125	1e-05	1e-05	1e-05	1e-05	1e-05	1e-05	1e-05	1e-05	1e-05	"c"
"396607"	0.388888888888889	0.638888888888889	0.440740740740741	0.32962962962963	0.157407407407407	0.0111111111111111	0.0222222222222222	0.00740740740740741	1e-05	1e-05	1e-05	1e-05	1e-05	1e-05	1e-05	1e-05	"c"
"396608"	0.353556485355649	0.815899581589958	0.610041841004184	0.0861924686192469	0.115481171548117	0.0117154811715481	0.00334728033472803	0.000836820083682008	0.00125523012552301	1e-05	1e-05	1e-05	1e-05	1e-05	1e-05	1e-05	"c"
"9559195"	0.404918032786885	0.619672131147541	0.465573770491803	0.242622950819672	0.19016393442623	0.0131147540983607	0.0114754098360656	0.0344262295081967	0.0147540983606557	0.00163934426229508	0	0	0	1e-05	1e-05	1e-05	"c"
"9559196"	0.431818181818182	0.693939393939394	0.457575757575758	0.190909090909091	0.159090909090909	0.0106060606060606	0.0257575757575758	0.0196969696969697	1e-05	1e-05	1e-05	1e-05	1e-05	1e-05	1e-05	1e-05	"c"
"9559229"	0.395390455531453	0.586279826464208	0.35851409978308	0.402603036876356	0.254175704989154	0.00244034707158351	0.000379609544468547	0.000162689804772234	0	0	0	0	0	0	1e-05	1e-05	"c"
"9559230"	0.403233532934132	0.620239520958084	0.376586826347305	0.352754491017964	0.242275449101796	0.00215568862275449	0.00173652694610778	0.000718562874251497	5.98802395209581e-05	5.98802395209581e-05	0.000119760479041916	0	1e-05	1e-05	1e-05	1e-05	"c"
"9559237"	0.372413793103448	0.806896551724138	0.475862068965517	0.096551724137931	0.23448275862069	0.00689655172413793	0	1e-05	1e-05	1e-05	1e-05	1e-05	1e-05	1e-05	1e-05	1e-05	"c"
"9559249"	0.369620253164557	0.825316455696202	0.541772151898734	0.0531645569620253	0.205063291139241	0	0.00253164556962025	0	1e-05	1e-05	1e-05	1e-05	1e-05	1e-05	1e-05	1e-05	"c"
"9559257"	0.465359477124183	1.14901960784314	0.105882352941176	0.244444444444444	0.0339869281045752	0	0	1e-05	1e-05	1e-05	1e-05	1e-05	1e-05	1e-05	1e-05	1e-05	"c"
"9559258"	0.483333333333333	1.06666666666667	0.116666666666667	0.0666666666666667	0.0833333333333333	0.05	0.116666666666667	0	0	0	1e-05	1e-05	1e-05	1e-05	1e-05	1e-05	"c"
"9559259"	0.496703296703297	0.991208791208791	0.210989010989011	0.208791208791209	0.0857142857142857	0	0.0043956043956044	1e-05	1e-05	1e-05	1e-05	1e-05	1e-05	1e-05	1e-05	1e-05	"c"
"9559266"	0.489655172413793	0.87037037037037	0.26117496807152	0.279438058748404	0.0708812260536398	0.0106002554278416	0.00996168582375479	0.00498084291187739	0.00191570881226054	0.000510855683269476	0.000127713920817369	0	0.000127713920817369	1e-05	1e-05	1e-05	"c"
"9559268"	0.490196078431373	0.969934640522876	0.164705882352941	0.317647058823529	0.0470588235294118	0.00392156862745098	0.00261437908496732	1e-05	1e-05	1e-05	1e-05	1e-05	1e-05	1e-05	1e-05	1e-05	"c"
"9559269"	0.413333333333333	0.693333333333333	0.546666666666667	0.146666666666667	0	0.146666666666667	1e-05	1e-05	1e-05	1e-05	1e-05	1e-05	1e-05	1e-05	1e-05	1e-05	"c"
"9559270"	0.2	1.4	0	0	0.2	0	1e-05	1e-05	1e-05	1e-05	1e-05	1e-05	1e-05	1e-05	1e-05	1e-05	"c"
"9559271"	0.443243243243243	1.18738738738739	0.156756756756757	0.196396396396396	0.0126126126126126	0.0018018018018018	0	1e-05	1e-05	1e-05	1e-05	1e-05	1e-05	1e-05	1e-05	1e-05	"c"
"9559273"	0.286503067484663	0.624539877300613	0.55521472392638	0.480981595092025	0.0447852760736196	0.00306748466257669	1e-05	1e-05	1e-05	1e-05	1e-05	1e-05	1e-05	1e-05	1e-05	1e-05	"c"
"9559284"	0.375324675324675	0.644155844155844	0.407792207792208	0.283116883116883	0.251948051948052	0.0142857142857143	0.00909090909090909	0.0103896103896104	0.0025974025974026	0	1e-05	1e-05	1e-05	1e-05	1e-05	1e-05	"c"
"9559285"	0.306666666666667	0.706666666666667	0.581333333333333	0.346666666666667	0.0426666666666667	0.00533333333333333	0.008	1e-05	1e-05	1e-05	1e-05	1e-05	1e-05	1e-05	1e-05	1e-05	"c"
"9559299"	0.435185185185185	0.837037037037037	0.422222222222222	0.25	0.0425925925925926	0.0037037037037037	0.0037037037037037	0.0037037037037037	0	1e-05	1e-05	1e-05	1e-05	1e-05	1e-05	1e-05	"c"
"9559300"	0.6	0.6	0.6	0	0	0	0	0	1e-05	1e-05	1e-05	1e-05	1e-05	1e-05	1e-05	1e-05	"c"
"9559324"	0.4	1	0.4	0	0	1e-05	1e-05	1e-05	1e-05	1e-05	1e-05	1e-05	1e-05	1e-05	1e-05	1e-05	"c"
"9559325"	0.339622641509434	0.577358490566038	0.30377358490566	0.518867924528302	0.156603773584906	0.0509433962264151	0.00943396226415094	0.0188679245283019	0.0207547169811321	0.00188679245283019	0	0	0	0	0	1e-05	"c"
"9559326"	0.362525458248472	1.12830957230143	0.176782077393075	0.196741344195519	0.0757637474541751	0.0566191446028513	0.00162932790224033	0.000407331975560081	0.000407331975560081	0	0	0.000407331975560081	0	0	0	1e-05	"c"
"9559327"	0.387250996015936	1.28406374501992	0.101195219123506	0.19402390438247	0.0139442231075697	0.0103585657370518	0.00796812749003984	1e-05	1e-05	1e-05	1e-05	1e-05	1e-05	1e-05	1e-05	1e-05	"c"
"9559332"	0.426271186440678	0.748305084745763	0.479661016949153	0.123728813559322	0.161864406779661	0.00593220338983051	0.011864406779661	0.0152542372881356	0.0203389830508475	1e-05	1e-05	1e-05	1e-05	1e-05	1e-05	1e-05	"c"
"9559334"	0.3	0.955555555555556	0.5	0.0444444444444444	0.177777777777778	0.0111111111111111	1e-05	1e-05	1e-05	1e-05	1e-05	1e-05	1e-05	1e-05	1e-05	1e-05	"c"
"9559335"	0.575	0.775	0.425	0.025	0.1875	1e-05	1e-05	1e-05	1e-05	1e-05	1e-05	1e-05	1e-05	1e-05	1e-05	1e-05	"c"
"9559336"	0.512	0.882	0.564	0.03	1e-05	1e-05	1e-05	1e-05	1e-05	1e-05	1e-05	1e-05	1e-05	1e-05	1e-05	1e-05	"c"
"9559394"	0.416216216216216	0.72972972972973	0.610810810810811	0.0972972972972973	0.140540540540541	0	0	0	1e-05	1e-05	1e-05	1e-05	1e-05	1e-05	1e-05	1e-05	"c"
"9559395"	0.5875	0.75	0.3875	0.1	0.1375	1e-05	1e-05	1e-05	1e-05	1e-05	1e-05	1e-05	1e-05	1e-05	1e-05	1e-05	"c"
"9559396"	0.302469135802469	0.728395061728395	0.520987654320988	0.238271604938272	0.135802469135802	0.0160493827160494	0.0160493827160494	0.0246913580246914	0.0135802469135802	1e-05	1e-05	1e-05	1e-05	1e-05	1e-05	1e-05	"c"
"9559397"	0.454	0.89	0.552	0.056	1e-05	1e-05	1e-05	1e-05	1e-05	1e-05	1e-05	1e-05	1e-05	1e-05	1e-05	1e-05	"c"
"9559399"	0.495652173913044	0.739130434782609	0.460869565217391	0.0521739130434783	0.0521739130434783	0.0869565217391304	0.0652173913043478	0	0	0.0217391304347826	0.00869565217391304	0.0130434782608696	1e-05	1e-05	1e-05	1e-05	"c"
"9559411"	0.490717299578059	0.693248945147679	0.311814345991561	0.389873417721519	0.0510548523206751	0.0181434599156118	0.029535864978903	0.0118143459915612	0.0029535864978903	0.000421940928270042	0	0	0	0	1e-05	1e-05	"c"
"9559413"	0.439189189189189	0.967567567567568	0.185135135135135	0.298648648648649	0.0594594594594595	0.027027027027027	0.0189189189189189	0.0027027027027027	1e-05	1e-05	1e-05	1e-05	1e-05	1e-05	1e-05	1e-05	"c"
"9559414"	0.330434782608696	0.662111801242236	0.437267080745342	0.22111801242236	0.2	0	0.0397515527950311	0.0248447204968944	0.0248447204968944	0.0173913043478261	0.0211180124223602	0.00993788819875776	0.00993788819875776	1e-05	1e-05	1e-05	"c"
"9559415"	0.468181818181818	0.759090909090909	0.531818181818182	0.209090909090909	0.0272727272727273	1e-05	1e-05	1e-05	1e-05	1e-05	1e-05	1e-05	1e-05	1e-05	1e-05	1e-05	"c"
"9559417"	0.324921135646688	0.81198738170347	0.529337539432177	0.241009463722397	0.061198738170347	0.0100946372239748	0.0176656151419558	0.00126182965299685	0	0	0	0	1e-05	1e-05	1e-05	1e-05	"c"
"9559418"	0.389873417721519	0.734177215189873	0.551898734177215	0.192405063291139	0.0734177215189873	0.00506329113924051	0.0253164556962025	0.020253164556962	0.00506329113924051	1e-05	1e-05	1e-05	1e-05	1e-05	1e-05	1e-05	"c"
"9559419"	0.390909090909091	0.692045454545455	0.5375	0.2875	0.0761363636363636	0.00681818181818182	0.00340909090909091	0.00454545454545455	1e-05	1e-05	1e-05	1e-05	1e-05	1e-05	1e-05	1e-05	"c"
"9559420"	0.605194805194805	0.274025974025974	1e-05	1e-05	1e-05	1e-05	1e-05	1e-05	1e-05	1e-05	1e-05	1e-05	1e-05	1e-05	1e-05	1e-05	"c"
"9559429"	0.261728395061728	0.825514403292181	0.601646090534979	0.270781893004115	0.0279835390946502	0.00329218106995885	0.00493827160493827	0.00246913580246914	0.000823045267489712	0	0	1e-05	1e-05	1e-05	1e-05	1e-05	"c"
"9559431"	0.3	0.634666666666667	0.398666666666667	0.464	0.148	0.016	0.0226666666666667	0.00666666666666667	0	0.00133333333333333	0	0.00266666666666667	0.00266666666666667	0	0	1e-05	"c"
"9559432"	0.4	0.766666666666667	0.466666666666667	0.166666666666667	0	0	0.0666666666666667	0.1	0	1e-05	1e-05	1e-05	1e-05	1e-05	1e-05	1e-05	"c"
"9559433"	0.62	0.844	0.476	0.044	1e-05	1e-05	1e-05	1e-05	1e-05	1e-05	1e-05	1e-05	1e-05	1e-05	1e-05	1e-05	"c"
"9559434"	0.409259259259259	0.562962962962963	0.3	0.322222222222222	0.32962962962963	0.0111111111111111	0.0111111111111111	0.0185185185185185	0.0259259259259259	0.00740740740740741	0	1e-05	1e-05	1e-05	1e-05	1e-05	"c"
"9559454"	0.356451612903226	0.740322580645161	0.617741935483871	0.198387096774194	0.082258064516129	0	0.00161290322580645	1e-05	1e-05	1e-05	1e-05	1e-05	1e-05	1e-05	1e-05	1e-05	"c"
"9559455"	0.558181818181818	0.681818181818182	0.458181818181818	0.205454545454545	0.0836363636363636	0.0109090909090909	1e-05	1e-05	1e-05	1e-05	1e-05	1e-05	1e-05	1e-05	1e-05	1e-05	"c"
"9559456"	0.4	0.84	0.44	0.04	0.08	0	0.12	0	0.04	1e-05	1e-05	1e-05	1e-05	1e-05	1e-05	1e-05	"c"
"9559457"	0.429558011049724	0.917817679558011	0.34682320441989	0.184254143646409	0.0470994475138122	0.0350828729281768	0.0279005524861878	0.00566298342541436	0.00110497237569061	0.000828729281767956	0.000966850828729282	0.00110497237569061	0.000828729281767956	0.000552486187845304	0	1e-05	"c"
"9559458"	0.463157894736842	0.810526315789474	0.431578947368421	0.0631578947368421	0.221052631578947	1e-05	1e-05	1e-05	1e-05	1e-05	1e-05	1e-05	1e-05	1e-05	1e-05	1e-05	"c"
"9559484"	0.389473684210526	0.588157894736842	0.494736842105263	0.414473684210526	0.0342105263157895	0.0513157894736842	0.0263157894736842	1e-05	1e-05	1e-05	1e-05	1e-05	1e-05	1e-05	1e-05	1e-05	"c"
"9559485"	0.296774193548387	0.683870967741935	0.548387096774194	0.206451612903226	0.232258064516129	0.0129032258064516	0.0129032258064516	0	0	0	0	1e-05	1e-05	1e-05	1e-05	1e-05	"c"
"9559493"	0.6	0.666666666666667	0.533333333333333	0	0	0.0666666666666667	0	0.0666666666666667	0	0	1e-05	1e-05	1e-05	1e-05	1e-05	1e-05	"c"
"9559506"	0.550748752079867	0.677870216306156	0.246921797004992	0.339434276206323	0.13910149750416	0.0149750415973378	0.0199667221297837	0.00898502495840266	0.00166389351081531	1e-05	1e-05	1e-05	1e-05	1e-05	1e-05	1e-05	"c"
"9559508"	0.396581196581197	0.492307692307692	0.31965811965812	0.423931623931624	0.28034188034188	0.011965811965812	0.011965811965812	0.0307692307692308	0.0273504273504274	1e-05	1e-05	1e-05	1e-05	1e-05	1e-05	1e-05	"c"
"9559509"	0.514285714285714	0.885714285714286	0.371428571428571	0.0285714285714286	0	0.0285714285714286	0.142857142857143	1e-05	1e-05	1e-05	1e-05	1e-05	1e-05	1e-05	1e-05	1e-05	"c"
"9559510"	0.612698412698413	0.841269841269841	0.298412698412698	0.13015873015873	0.111111111111111	0	0	1e-05	1e-05	1e-05	1e-05	1e-05	1e-05	1e-05	1e-05	1e-05	"c"
"9559511"	0.485333333333333	0.944	0.309333333333333	0.2	0.0506666666666667	0	0.00266666666666667	0.00533333333333333	1e-05	1e-05	1e-05	1e-05	1e-05	1e-05	1e-05	1e-05	"c"
"9559512"	0.533951762523191	0.912430426716141	0.262708719851577	0.255658627087198	0.0307977736549165	0.00111317254174397	0.00111317254174397	0.00148423005565863	1e-05	1e-05	1e-05	1e-05	1e-05	1e-05	1e-05	1e-05	"c"
"9559513"	0.619607843137255	0.827450980392157	0.303921568627451	0.158823529411765	0.0764705882352941	0.00980392156862745	1e-05	1e-05	1e-05	1e-05	1e-05	1e-05	1e-05	1e-05	1e-05	1e-05	"c"
"9559530"	0.408213552361396	0.773716632443532	0.506365503080082	0.124435318275154	0.181108829568788	0.00164271047227926	0.00205338809034908	0.00164271047227926	0.000410677618069815	1e-05	1e-05	1e-05	1e-05	1e-05	1e-05	1e-05	"c"
"9559531"	0.56	0.64	0.6	0	0	0	0.04	0.12	1e-05	1e-05	1e-05	1e-05	1e-05	1e-05	1e-05	1e-05	"c"
"9559532"	0.806	0.74	0.326	0.122	1e-05	1e-05	1e-05	1e-05	1e-05	1e-05	1e-05	1e-05	1e-05	1e-05	1e-05	1e-05	"c"
"9559533"	0.55	0.766	0.568	0.078	1e-05	1e-05	1e-05	1e-05	1e-05	1e-05	1e-05	1e-05	1e-05	1e-05	1e-05	1e-05	"c"
"9559535"	0.541609195402299	0.672183908045977	0.277701149425287	0.246436781609195	0.200919540229885	0.0482758620689655	0.0032183908045977	0.00505747126436782	0.00275862068965517	0.00137931034482759	0	0	1e-05	1e-05	1e-05	1e-05	"c"
"9559536"	0.4	0.2	0	0.6	0.6	0	0	1e-05	1e-05	1e-05	1e-05	1e-05	1e-05	1e-05	1e-05	1e-05	"c"
"9559537"	0.567676767676768	0.646464646464647	0.309090909090909	0.23030303030303	0.197979797979798	0.0262626262626263	0.00606060606060606	0.00606060606060606	0.00404040404040404	0	0.00202020202020202	0	0	0	0	1e-05	"c"
"9559538"	0.384952120383037	0.545554035567715	0.348563611491108	0.385499316005472	0.288645690834473	0.00766073871409029	0.0224350205198358	0.0131326949384405	0.00300957592339261	0.00027359781121751	0	1e-05	1e-05	1e-05	1e-05	1e-05	"c"
"9559539"	0.666	1.104	0.188	0.024	1e-05	1e-05	1e-05	1e-05	1e-05	1e-05	1e-05	1e-05	1e-05	1e-05	1e-05	1e-05	"c"
"9559540"	0.468953068592058	1.03032490974729	0.166787003610108	0.211552346570397	0.105415162454874	0.00866425992779783	0.00649819494584838	0.000722021660649819	0.00036101083032491	0	0	0	0.00036101083032491	1e-05	1e-05	1e-05	"c"
"9559541"	0.518471337579618	0.749044585987261	0.402547770700637	0.169426751592357	0.122292993630573	0.0114649681528662	0.0165605095541401	0.00636942675159236	0.00254777070063694	1e-05	1e-05	1e-05	1e-05	1e-05	1e-05	1e-05	"c"
"9559543"	0.398876404494382	0.889887640449438	0.282022471910112	0.326966292134831	0.0786516853932584	0.0157303370786517	0.00674157303370787	1e-05	1e-05	1e-05	1e-05	1e-05	1e-05	1e-05	1e-05	1e-05	"c"
"9559544"	0.603636363636364	0.694545454545455	0.410909090909091	0.243636363636364	0.04	0	0	0.00363636363636364	0	1e-05	1e-05	1e-05	1e-05	1e-05	1e-05	1e-05	"c"
"9559548"	0.636363636363636	0.643636363636364	0.381818181818182	0.294545454545455	0.0363636363636364	0	0	0.00363636363636364	0	1e-05	1e-05	1e-05	1e-05	1e-05	1e-05	1e-05	"c"
"9559549"	0.375	0.825	0.566666666666667	0.05	0.175	1e-05	1e-05	1e-05	1e-05	1e-05	1e-05	1e-05	1e-05	1e-05	1e-05	1e-05	"c"
"9559551"	0.274418604651163	0.595348837209302	0.53953488372093	0.232558139534884	0.186046511627907	0.144186046511628	0.0232558139534884	0	0	0	1e-05	1e-05	1e-05	1e-05	1e-05	1e-05	"c"
"9559553"	0.418918918918919	0.778378378378378	0.527027027027027	0.156756756756757	0.0918918918918919	0.00810810810810811	0.00810810810810811	0.00540540540540541	0	0.0027027027027027	0	0	0	0	1e-05	1e-05	"c"
"9559554"	0.487719298245614	0.898245614035088	0.340350877192982	0.203508771929825	0.0385964912280702	0.0175438596491228	1e-05	1e-05	1e-05	1e-05	1e-05	1e-05	1e-05	1e-05	1e-05	1e-05	"c"
"9559557"	0.6	0.3	1e-05	1e-05	1e-05	1e-05	1e-05	1e-05	1e-05	1e-05	1e-05	1e-05	1e-05	1e-05	1e-05	1e-05	"c"
"9559560"	0.64639175257732	0.920618556701031	0.203092783505155	0.17319587628866	0.0402061855670103	0.00824742268041237	0.00412371134020619	0.00309278350515464	1e-05	1e-05	1e-05	1e-05	1e-05	1e-05	1e-05	1e-05	"c"
"9559566"	0.501754385964912	0.775438596491228	0.473684210526316	0.0350877192982456	0.175438596491228	0.00701754385964912	0.0105263157894737	0.00350877192982456	0.0140350877192982	0	0	1e-05	1e-05	1e-05	1e-05	1e-05	"c"
"9559567"	0.362776025236593	0.71608832807571	0.305993690851735	0.451735015772871	0.109779179810726	0.0315457413249211	0.0145110410094637	1e-05	1e-05	1e-05	1e-05	1e-05	1e-05	1e-05	1e-05	1e-05	"c"
"9559568"	0.355932203389831	0.789830508474576	0.579661016949153	0.159322033898305	0.0949152542372881	0.00338983050847458	0.00338983050847458	1e-05	1e-05	1e-05	1e-05	1e-05	1e-05	1e-05	1e-05	1e-05	"c"
"9559572"	0.43969465648855	0.627735368956743	0.38295165394402	0.467430025445293	0.0740458015267176	0.00229007633587786	0.00356234096692112	1e-05	1e-05	1e-05	1e-05	1e-05	1e-05	1e-05	1e-05	1e-05	"c"
"128111"	0.266	1.162	0.562	0.008	1e-05	1e-05	1e-05	1e-05	1e-05	1e-05	1e-05	1e-05	1e-05	1e-05	1e-05	1e-05	"k"
"128113"	0.617	1e-05	1e-05	1e-05	1e-05	1e-05	1e-05	1e-05	1e-05	1e-05	1e-05	1e-05	1e-05	1e-05	1e-05	1e-05	"k"
"128114"	0.38	0.936	0.674	0.008	1e-05	1e-05	1e-05	1e-05	1e-05	1e-05	1e-05	1e-05	1e-05	1e-05	1e-05	1e-05	"k"
"128116"	0.602	0.776	0.394	0.22	1e-05	1e-05	1e-05	1e-05	1e-05	1e-05	1e-05	1e-05	1e-05	1e-05	1e-05	1e-05	"k"
"128119"	0.668	1e-05	1e-05	1e-05	1e-05	1e-05	1e-05	1e-05	1e-05	1e-05	1e-05	1e-05	1e-05	1e-05	1e-05	1e-05	"k"
"128125"	0.46	0.938	0.594	0.004	1e-05	1e-05	1e-05	1e-05	1e-05	1e-05	1e-05	1e-05	1e-05	1e-05	1e-05	1e-05	"k"
"128126"	0.624	0.732	0.496	0.144	1e-05	1e-05	1e-05	1e-05	1e-05	1e-05	1e-05	1e-05	1e-05	1e-05	1e-05	1e-05	"k"
"128128"	0.727	1e-05	1e-05	1e-05	1e-05	1e-05	1e-05	1e-05	1e-05	1e-05	1e-05	1e-05	1e-05	1e-05	1e-05	1e-05	"k"
"128129"	0.414	0.924	0.652	0.006	1e-05	1e-05	1e-05	1e-05	1e-05	1e-05	1e-05	1e-05	1e-05	1e-05	1e-05	1e-05	"k"
"128131"	0.352	1.024	0.598	0.024	1e-05	1e-05	1e-05	1e-05	1e-05	1e-05	1e-05	1e-05	1e-05	1e-05	1e-05	1e-05	"k"
"128132"	0.71	0.746	0.33	0.212	1e-05	1e-05	1e-05	1e-05	1e-05	1e-05	1e-05	1e-05	1e-05	1e-05	1e-05	1e-05	"k"
"128133"	0.298	0.894	0.802	0.004	1e-05	1e-05	1e-05	1e-05	1e-05	1e-05	1e-05	1e-05	1e-05	1e-05	1e-05	1e-05	"k"
"128134"	0.72	1e-05	1e-05	1e-05	1e-05	1e-05	1e-05	1e-05	1e-05	1e-05	1e-05	1e-05	1e-05	1e-05	1e-05	1e-05	"k"
"128136"	0.28	0.944	0.77	0.002	1e-05	1e-05	1e-05	1e-05	1e-05	1e-05	1e-05	1e-05	1e-05	1e-05	1e-05	1e-05	"k"
"128138"	0.414	0.978	0.604	0.002	1e-05	1e-05	1e-05	1e-05	1e-05	1e-05	1e-05	1e-05	1e-05	1e-05	1e-05	1e-05	"k"
"128140"	0.458	1.46	0.078	0.002	1e-05	1e-05	1e-05	1e-05	1e-05	1e-05	1e-05	1e-05	1e-05	1e-05	1e-05	1e-05	"k"
"128141"	0.496	1.41	0.088	0.004	1e-05	1e-05	1e-05	1e-05	1e-05	1e-05	1e-05	1e-05	1e-05	1e-05	1e-05	1e-05	"k"
"128145"	0.364	0.638	0.996	0	1e-05	1e-05	1e-05	1e-05	1e-05	1e-05	1e-05	1e-05	1e-05	1e-05	1e-05	1e-05	"k"
"128147"	0.342	1.03	0.626	0	1e-05	1e-05	1e-05	1e-05	1e-05	1e-05	1e-05	1e-05	1e-05	1e-05	1e-05	1e-05	"k"
"128149"	0.687	1e-05	1e-05	1e-05	1e-05	1e-05	1e-05	1e-05	1e-05	1e-05	1e-05	1e-05	1e-05	1e-05	1e-05	1e-05	"k"
"128150"	0.28	0.95	0.764	0.004	1e-05	1e-05	1e-05	1e-05	1e-05	1e-05	1e-05	1e-05	1e-05	1e-05	1e-05	1e-05	"k"
"9449998"	0.592	0.894	0.5	0.012	1e-05	1e-05	1e-05	1e-05	1e-05	1e-05	1e-05	1e-05	1e-05	1e-05	1e-05	1e-05	"k"
"9449999"	0.652	1e-05	1e-05	1e-05	1e-05	1e-05	1e-05	1e-05	1e-05	1e-05	1e-05	1e-05	1e-05	1e-05	1e-05	1e-05	"k"
"9450000"	0.486	0.958	0.542	0.008	1e-05	1e-05	1e-05	1e-05	1e-05	1e-05	1e-05	1e-05	1e-05	1e-05	1e-05	1e-05	"k"
"9558745"	0.681	1e-05	1e-05	1e-05	1e-05	1e-05	1e-05	1e-05	1e-05	1e-05	1e-05	1e-05	1e-05	1e-05	1e-05	1e-05	"k"
"9559194"	0.658	0.804	0.49	0.044	1e-05	1e-05	1e-05	1e-05	1e-05	1e-05	1e-05	1e-05	1e-05	1e-05	1e-05	1e-05	"k"
"9559197"	0.388	0.878	0.732	0	1e-05	1e-05	1e-05	1e-05	1e-05	1e-05	1e-05	1e-05	1e-05	1e-05	1e-05	1e-05	"k"
"9559198"	0.584	1e-05	1e-05	1e-05	1e-05	1e-05	1e-05	1e-05	1e-05	1e-05	1e-05	1e-05	1e-05	1e-05	1e-05	1e-05	"k"
"9559200"	0.664	1e-05	1e-05	1e-05	1e-05	1e-05	1e-05	1e-05	1e-05	1e-05	1e-05	1e-05	1e-05	1e-05	1e-05	1e-05	"k"
"9559201"	0.638	1e-05	1e-05	1e-05	1e-05	1e-05	1e-05	1e-05	1e-05	1e-05	1e-05	1e-05	1e-05	1e-05	1e-05	1e-05	"k"
"9559202"	0.436	0.838	0.716	0.006	1e-05	1e-05	1e-05	1e-05	1e-05	1e-05	1e-05	1e-05	1e-05	1e-05	1e-05	1e-05	"k"
"9559231"	0.62	0.846	0.52	0.01	1e-05	1e-05	1e-05	1e-05	1e-05	1e-05	1e-05	1e-05	1e-05	1e-05	1e-05	1e-05	"k"
"9559232"	0.57	0.856	0.542	0.028	1e-05	1e-05	1e-05	1e-05	1e-05	1e-05	1e-05	1e-05	1e-05	1e-05	1e-05	1e-05	"k"
"9559233"	0.536	0.842	0.606	0.012	1e-05	1e-05	1e-05	1e-05	1e-05	1e-05	1e-05	1e-05	1e-05	1e-05	1e-05	1e-05	"k"
"9559234"	0.506	0.912	0.568	0.012	1e-05	1e-05	1e-05	1e-05	1e-05	1e-05	1e-05	1e-05	1e-05	1e-05	1e-05	1e-05	"k"
"9559235"	0.621	1e-05	1e-05	1e-05	1e-05	1e-05	1e-05	1e-05	1e-05	1e-05	1e-05	1e-05	1e-05	1e-05	1e-05	1e-05	"k"
"9559237-1"	0.701	1e-05	1e-05	1e-05	1e-05	1e-05	1e-05	1e-05	1e-05	1e-05	1e-05	1e-05	1e-05	1e-05	1e-05	1e-05	"k"
"9559238"	0.687	1e-05	1e-05	1e-05	1e-05	1e-05	1e-05	1e-05	1e-05	1e-05	1e-05	1e-05	1e-05	1e-05	1e-05	1e-05	"k"
"9559239"	0.448	0.93	0.618	0.002	1e-05	1e-05	1e-05	1e-05	1e-05	1e-05	1e-05	1e-05	1e-05	1e-05	1e-05	1e-05	"k"
"9559240"	0.688	1e-05	1e-05	1e-05	1e-05	1e-05	1e-05	1e-05	1e-05	1e-05	1e-05	1e-05	1e-05	1e-05	1e-05	1e-05	"k"
"9559241"	0.676	0.744	0.238	0.302	1e-05	1e-05	1e-05	1e-05	1e-05	1e-05	1e-05	1e-05	1e-05	1e-05	1e-05	1e-05	"k"
"9559246"	0.626	1.314	1e-05	1e-05	1e-05	1e-05	1e-05	1e-05	1e-05	1e-05	1e-05	1e-05	1e-05	1e-05	1e-05	1e-05	"k"
"9559247"	0.656	0.752	0.238	0.288	1e-05	1e-05	1e-05	1e-05	1e-05	1e-05	1e-05	1e-05	1e-05	1e-05	1e-05	1e-05	"k"
"9559248"	0.352	0.844	0.8	0.002	1e-05	1e-05	1e-05	1e-05	1e-05	1e-05	1e-05	1e-05	1e-05	1e-05	1e-05	1e-05	"k"
"9559250"	0.492	1.162	0.332	0.008	1e-05	1e-05	1e-05	1e-05	1e-05	1e-05	1e-05	1e-05	1e-05	1e-05	1e-05	1e-05	"k"
"9559261"	0.956	1e-05	1e-05	1e-05	1e-05	1e-05	1e-05	1e-05	1e-05	1e-05	1e-05	1e-05	1e-05	1e-05	1e-05	1e-05	"k"
"9559265"	0.6	0.746	0.442	0.21	1e-05	1e-05	1e-05	1e-05	1e-05	1e-05	1e-05	1e-05	1e-05	1e-05	1e-05	1e-05	"k"
"9559267"	0.476	1.512	0.006	0.004	1e-05	1e-05	1e-05	1e-05	1e-05	1e-05	1e-05	1e-05	1e-05	1e-05	1e-05	1e-05	"k"
"9559272"	0.807	1e-05	1e-05	1e-05	1e-05	1e-05	1e-05	1e-05	1e-05	1e-05	1e-05	1e-05	1e-05	1e-05	1e-05	1e-05	"k"
"9559275"	0.368	0.884	0.734	0.012	1e-05	1e-05	1e-05	1e-05	1e-05	1e-05	1e-05	1e-05	1e-05	1e-05	1e-05	1e-05	"k"
"9559277"	0.412	0.852	0.716	0.016	1e-05	1e-05	1e-05	1e-05	1e-05	1e-05	1e-05	1e-05	1e-05	1e-05	1e-05	1e-05	"k"
"9559283"	0.634	0.738	0.288	0.304	1e-05	1e-05	1e-05	1e-05	1e-05	1e-05	1e-05	1e-05	1e-05	1e-05	1e-05	1e-05	"k"
"9559286"	0.398	0.998	0.598	0.002	1e-05	1e-05	1e-05	1e-05	1e-05	1e-05	1e-05	1e-05	1e-05	1e-05	1e-05	1e-05	"k"
"9559287"	0.36	0.932	0.704	0.002	1e-05	1e-05	1e-05	1e-05	1e-05	1e-05	1e-05	1e-05	1e-05	1e-05	1e-05	1e-05	"k"
"9559288"	0.4	0.884	0.708	0.006	1e-05	1e-05	1e-05	1e-05	1e-05	1e-05	1e-05	1e-05	1e-05	1e-05	1e-05	1e-05	"k"
"9559289"	0.697	1e-05	1e-05	1e-05	1e-05	1e-05	1e-05	1e-05	1e-05	1e-05	1e-05	1e-05	1e-05	1e-05	1e-05	1e-05	"k"
"9559290"	0.446	0.85	0.678	0.024	1e-05	1e-05	1e-05	1e-05	1e-05	1e-05	1e-05	1e-05	1e-05	1e-05	1e-05	1e-05	"k"
"9559291"	0.466	0.886	0.642	0.004	1e-05	1e-05	1e-05	1e-05	1e-05	1e-05	1e-05	1e-05	1e-05	1e-05	1e-05	1e-05	"k"
"9559292"	0.564	0.842	0.562	0.026	1e-05	1e-05	1e-05	1e-05	1e-05	1e-05	1e-05	1e-05	1e-05	1e-05	1e-05	1e-05	"k"
"9559295"	0.659	1e-05	1e-05	1e-05	1e-05	1e-05	1e-05	1e-05	1e-05	1e-05	1e-05	1e-05	1e-05	1e-05	1e-05	1e-05	"k"
"9559296"	0.476	1.142	0.366	0.012	1e-05	1e-05	1e-05	1e-05	1e-05	1e-05	1e-05	1e-05	1e-05	1e-05	1e-05	1e-05	"k"
"9559297"	0.64	1e-05	1e-05	1e-05	1e-05	1e-05	1e-05	1e-05	1e-05	1e-05	1e-05	1e-05	1e-05	1e-05	1e-05	1e-05	"k"
"9559298"	0.752	1e-05	1e-05	1e-05	1e-05	1e-05	1e-05	1e-05	1e-05	1e-05	1e-05	1e-05	1e-05	1e-05	1e-05	1e-05	"k"
"9559398"	0.436	0.998	0.562	0	1e-05	1e-05	1e-05	1e-05	1e-05	1e-05	1e-05	1e-05	1e-05	1e-05	1e-05	1e-05	"k"
"9559412"	0.338	0.874	1e-05	1e-05	1e-05	1e-05	1e-05	1e-05	1e-05	1e-05	1e-05	1e-05	1e-05	1e-05	1e-05	1e-05	"k"
"9559430"	0.702	1e-05	1e-05	1e-05	1e-05	1e-05	1e-05	1e-05	1e-05	1e-05	1e-05	1e-05	1e-05	1e-05	1e-05	1e-05	"k"
"9559482"	0.508	0.84	0.634	0.014	1e-05	1e-05	1e-05	1e-05	1e-05	1e-05	1e-05	1e-05	1e-05	1e-05	1e-05	1e-05	"k"
"9559486"	0.562	0.844	0.574	0.018	1e-05	1e-05	1e-05	1e-05	1e-05	1e-05	1e-05	1e-05	1e-05	1e-05	1e-05	1e-05	"k"
"9559488"	0.38	0.976	0.632	0.004	1e-05	1e-05	1e-05	1e-05	1e-05	1e-05	1e-05	1e-05	1e-05	1e-05	1e-05	1e-05	"k"
"9559489"	0.516	0.788	0.582	0.084	1e-05	1e-05	1e-05	1e-05	1e-05	1e-05	1e-05	1e-05	1e-05	1e-05	1e-05	1e-05	"k"
"9559490"	0.687	1e-05	1e-05	1e-05	1e-05	1e-05	1e-05	1e-05	1e-05	1e-05	1e-05	1e-05	1e-05	1e-05	1e-05	1e-05	"k"
"9559491"	0.886	1e-05	1e-05	1e-05	1e-05	1e-05	1e-05	1e-05	1e-05	1e-05	1e-05	1e-05	1e-05	1e-05	1e-05	1e-05	"k"
"9559504"	0.614	0.81	0.538	0.03	1e-05	1e-05	1e-05	1e-05	1e-05	1e-05	1e-05	1e-05	1e-05	1e-05	1e-05	1e-05	"k"
"9559505"	0.504	0.954	0.522	0.016	1e-05	1e-05	1e-05	1e-05	1e-05	1e-05	1e-05	1e-05	1e-05	1e-05	1e-05	1e-05	"k"
"9559507"	0.686	0.902	0.39	0.02	1e-05	1e-05	1e-05	1e-05	1e-05	1e-05	1e-05	1e-05	1e-05	1e-05	1e-05	1e-05	"k"
"9559542"	0.673	1e-05	1e-05	1e-05	1e-05	1e-05	1e-05	1e-05	1e-05	1e-05	1e-05	1e-05	1e-05	1e-05	1e-05	1e-05	"k"
"9559546"	0.446	0.844	0.706	0.002	1e-05	1e-05	1e-05	1e-05	1e-05	1e-05	1e-05	1e-05	1e-05	1e-05	1e-05	1e-05	"k"
"9559547"	0.582	1.332	0.076	0.006	1e-05	1e-05	1e-05	1e-05	1e-05	1e-05	1e-05	1e-05	1e-05	1e-05	1e-05	1e-05	"k"
"9559550"	0.729	1e-05	1e-05	1e-05	1e-05	1e-05	1e-05	1e-05	1e-05	1e-05	1e-05	1e-05	1e-05	1e-05	1e-05	1e-05	"k"
"9559561"	0.833	1e-05	1e-05	1e-05	1e-05	1e-05	1e-05	1e-05	1e-05	1e-05	1e-05	1e-05	1e-05	1e-05	1e-05	1e-05	"k"
"9559565"	0.819	1e-05	1e-05	1e-05	1e-05	1e-05	1e-05	1e-05	1e-05	1e-05	1e-05	1e-05	1e-05	1e-05	1e-05	1e-05	"k"
"9559570"	0.625	1e-05	1e-05	1e-05	1e-05	1e-05	1e-05	1e-05	1e-05	1e-05	1e-05	1e-05	1e-05	1e-05	1e-05	1e-05	"k"
"9387261"	0.604	0.88	0.51	0.004	1e-05	1e-05	1e-05	1e-05	1e-05	1e-05	1e-05	1e-05	1e-05	1e-05	1e-05	1e-05	"n"
"9387262"	0.737	1e-05	1e-05	1e-05	1e-05	1e-05	1e-05	1e-05	1e-05	1e-05	1e-05	1e-05	1e-05	1e-05	1e-05	1e-05	"n"
"9387279"	0.352	0.962	0.684	0	1e-05	1e-05	1e-05	1e-05	1e-05	1e-05	1e-05	1e-05	1e-05	1e-05	1e-05	1e-05	"n"
"9558701"	0.721	1e-05	1e-05	1e-05	1e-05	1e-05	1e-05	1e-05	1e-05	1e-05	1e-05	1e-05	1e-05	1e-05	1e-05	1e-05	"n"
"9558702"	0.698	1e-05	1e-05	1e-05	1e-05	1e-05	1e-05	1e-05	1e-05	1e-05	1e-05	1e-05	1e-05	1e-05	1e-05	1e-05	"n"
"9558703"	0.488	0.888	0.62	0.002	1e-05	1e-05	1e-05	1e-05	1e-05	1e-05	1e-05	1e-05	1e-05	1e-05	1e-05	1e-05	"n"
"9558704"	0.514	0.892	0.584	0.008	1e-05	1e-05	1e-05	1e-05	1e-05	1e-05	1e-05	1e-05	1e-05	1e-05	1e-05	1e-05	"n"
"9558705"	0.566	0.774	0.622	0.032	1e-05	1e-05	1e-05	1e-05	1e-05	1e-05	1e-05	1e-05	1e-05	1e-05	1e-05	1e-05	"n"
"9558706"	0.704	1e-05	1e-05	1e-05	1e-05	1e-05	1e-05	1e-05	1e-05	1e-05	1e-05	1e-05	1e-05	1e-05	1e-05	1e-05	"n"
"9558707"	0.65	0.832	0.482	0.032	1e-05	1e-05	1e-05	1e-05	1e-05	1e-05	1e-05	1e-05	1e-05	1e-05	1e-05	1e-05	"n"
"9558708"	0.536	0.896	0.556	0.01	1e-05	1e-05	1e-05	1e-05	1e-05	1e-05	1e-05	1e-05	1e-05	1e-05	1e-05	1e-05	"n"
"9558709"	0.702	1e-05	1e-05	1e-05	1e-05	1e-05	1e-05	1e-05	1e-05	1e-05	1e-05	1e-05	1e-05	1e-05	1e-05	1e-05	"n"
"9558710"	0.508	0.764	0.574	0.152	1e-05	1e-05	1e-05	1e-05	1e-05	1e-05	1e-05	1e-05	1e-05	1e-05	1e-05	1e-05	"n"
"9558711"	0.524	0.904	0.556	0.014	1e-05	1e-05	1e-05	1e-05	1e-05	1e-05	1e-05	1e-05	1e-05	1e-05	1e-05	1e-05	"n"
"9558712"	0.484	0.89	0.612	0.012	1e-05	1e-05	1e-05	1e-05	1e-05	1e-05	1e-05	1e-05	1e-05	1e-05	1e-05	1e-05	"n"
"9558713"	0.51	0.902	0.568	0.018	1e-05	1e-05	1e-05	1e-05	1e-05	1e-05	1e-05	1e-05	1e-05	1e-05	1e-05	1e-05	"n"
"9558714"	0.364	0.76	0.868	0.006	1e-05	1e-05	1e-05	1e-05	1e-05	1e-05	1e-05	1e-05	1e-05	1e-05	1e-05	1e-05	"n"
"9558715"	0.606	0.83	0.516	0.044	1e-05	1e-05	1e-05	1e-05	1e-05	1e-05	1e-05	1e-05	1e-05	1e-05	1e-05	1e-05	"n"
"9558716"	0.7	0.756	0.422	0.114	1e-05	1e-05	1e-05	1e-05	1e-05	1e-05	1e-05	1e-05	1e-05	1e-05	1e-05	1e-05	"n"
"9558717"	0.402	0.908	0.688	0	1e-05	1e-05	1e-05	1e-05	1e-05	1e-05	1e-05	1e-05	1e-05	1e-05	1e-05	1e-05	"n"
"9558719"	0.356	0.946	0.696	0	1e-05	1e-05	1e-05	1e-05	1e-05	1e-05	1e-05	1e-05	1e-05	1e-05	1e-05	1e-05	"n"
"9558720"	0.701	1e-05	1e-05	1e-05	1e-05	1e-05	1e-05	1e-05	1e-05	1e-05	1e-05	1e-05	1e-05	1e-05	1e-05	1e-05	"n"
"9558723"	0.689	1e-05	1e-05	1e-05	1e-05	1e-05	1e-05	1e-05	1e-05	1e-05	1e-05	1e-05	1e-05	1e-05	1e-05	1e-05	"n"
"9558725"	0.406	0.944	0.646	0	1e-05	1e-05	1e-05	1e-05	1e-05	1e-05	1e-05	1e-05	1e-05	1e-05	1e-05	1e-05	"n"
"9558726"	0.57	0.832	0.578	0.018	1e-05	1e-05	1e-05	1e-05	1e-05	1e-05	1e-05	1e-05	1e-05	1e-05	1e-05	1e-05	"n"
"9558728"	0.556	0.772	0.646	0.024	1e-05	1e-05	1e-05	1e-05	1e-05	1e-05	1e-05	1e-05	1e-05	1e-05	1e-05	1e-05	"n"
"9558729"	0.603	1e-05	1e-05	1e-05	1e-05	1e-05	1e-05	1e-05	1e-05	1e-05	1e-05	1e-05	1e-05	1e-05	1e-05	1e-05	"n"
"9558732"	0.642	1e-05	1e-05	1e-05	1e-05	1e-05	1e-05	1e-05	1e-05	1e-05	1e-05	1e-05	1e-05	1e-05	1e-05	1e-05	"n"
"9558733"	0.657	1e-05	1e-05	1e-05	1e-05	1e-05	1e-05	1e-05	1e-05	1e-05	1e-05	1e-05	1e-05	1e-05	1e-05	1e-05	"n"
"9558735"	0.637	1e-05	1e-05	1e-05	1e-05	1e-05	1e-05	1e-05	1e-05	1e-05	1e-05	1e-05	1e-05	1e-05	1e-05	1e-05	"n"
"9558736"	0.632	0.834	0.478	0.052	1e-05	1e-05	1e-05	1e-05	1e-05	1e-05	1e-05	1e-05	1e-05	1e-05	1e-05	1e-05	"n"
"9558737"	0.592	0.826	0.564	0.016	1e-05	1e-05	1e-05	1e-05	1e-05	1e-05	1e-05	1e-05	1e-05	1e-05	1e-05	1e-05	"n"
"9558738"	0.691	1e-05	1e-05	1e-05	1e-05	1e-05	1e-05	1e-05	1e-05	1e-05	1e-05	1e-05	1e-05	1e-05	1e-05	1e-05	"n"
"9558739"	0.436	0.904	0.644	0.014	1e-05	1e-05	1e-05	1e-05	1e-05	1e-05	1e-05	1e-05	1e-05	1e-05	1e-05	1e-05	"n"
"9558740"	0.71	1e-05	1e-05	1e-05	1e-05	1e-05	1e-05	1e-05	1e-05	1e-05	1e-05	1e-05	1e-05	1e-05	1e-05	1e-05	"n"
"9558741"	0.644	1e-05	1e-05	1e-05	1e-05	1e-05	1e-05	1e-05	1e-05	1e-05	1e-05	1e-05	1e-05	1e-05	1e-05	1e-05	"n"
"9558742"	0.739	1e-05	1e-05	1e-05	1e-05	1e-05	1e-05	1e-05	1e-05	1e-05	1e-05	1e-05	1e-05	1e-05	1e-05	1e-05	"n"
"9558743"	0.536	0.782	0.648	0.032	1e-05	1e-05	1e-05	1e-05	1e-05	1e-05	1e-05	1e-05	1e-05	1e-05	1e-05	1e-05	"n"
"9558744"	0.705	1e-05	1e-05	1e-05	1e-05	1e-05	1e-05	1e-05	1e-05	1e-05	1e-05	1e-05	1e-05	1e-05	1e-05	1e-05	"n"
"9558746"	0.496	0.918	0.578	0.006	1e-05	1e-05	1e-05	1e-05	1e-05	1e-05	1e-05	1e-05	1e-05	1e-05	1e-05	1e-05	"n"
"9558747"	0.646	0.826	0.49	0.036	1e-05	1e-05	1e-05	1e-05	1e-05	1e-05	1e-05	1e-05	1e-05	1e-05	1e-05	1e-05	"n"
"9558748"	0.618	0.83	0.528	0.02	1e-05	1e-05	1e-05	1e-05	1e-05	1e-05	1e-05	1e-05	1e-05	1e-05	1e-05	1e-05	"n"
"9558750"	0.663	1e-05	1e-05	1e-05	1e-05	1e-05	1e-05	1e-05	1e-05	1e-05	1e-05	1e-05	1e-05	1e-05	1e-05	1e-05	"n"
"9558752"	0.474	0.852	0.666	0.002	1e-05	1e-05	1e-05	1e-05	1e-05	1e-05	1e-05	1e-05	1e-05	1e-05	1e-05	1e-05	"n"
"9558753"	0.724	1e-05	1e-05	1e-05	1e-05	1e-05	1e-05	1e-05	1e-05	1e-05	1e-05	1e-05	1e-05	1e-05	1e-05	1e-05	"n"
"9558754"	0.652	1e-05	1e-05	1e-05	1e-05	1e-05	1e-05	1e-05	1e-05	1e-05	1e-05	1e-05	1e-05	1e-05	1e-05	1e-05	"n"
"9558755"	0.702	1e-05	1e-05	1e-05	1e-05	1e-05	1e-05	1e-05	1e-05	1e-05	1e-05	1e-05	1e-05	1e-05	1e-05	1e-05	"n"
"9558756"	0.53	0.9	0.562	0.006	1e-05	1e-05	1e-05	1e-05	1e-05	1e-05	1e-05	1e-05	1e-05	1e-05	1e-05	1e-05	"n"
"9558757"	0.628	1e-05	1e-05	1e-05	1e-05	1e-05	1e-05	1e-05	1e-05	1e-05	1e-05	1e-05	1e-05	1e-05	1e-05	1e-05	"n"
"9558758"	0.394	0.836	0.766	0.002	1e-05	1e-05	1e-05	1e-05	1e-05	1e-05	1e-05	1e-05	1e-05	1e-05	1e-05	1e-05	"n"
"9558759"	0.661	1e-05	1e-05	1e-05	1e-05	1e-05	1e-05	1e-05	1e-05	1e-05	1e-05	1e-05	1e-05	1e-05	1e-05	1e-05	"n"
"9558760"	0.632	1e-05	1e-05	1e-05	1e-05	1e-05	1e-05	1e-05	1e-05	1e-05	1e-05	1e-05	1e-05	1e-05	1e-05	1e-05	"n"
"9559181"	0.554	0.816	0.606	0.022	1e-05	1e-05	1e-05	1e-05	1e-05	1e-05	1e-05	1e-05	1e-05	1e-05	1e-05	1e-05	"n"
"9559182"	0.564	0.836	0.564	0.034	1e-05	1e-05	1e-05	1e-05	1e-05	1e-05	1e-05	1e-05	1e-05	1e-05	1e-05	1e-05	"n"
"9559184"	0.438	0.9	0.654	0.004	1e-05	1e-05	1e-05	1e-05	1e-05	1e-05	1e-05	1e-05	1e-05	1e-05	1e-05	1e-05	"n"
"9559185"	0.546	0.832	0.59	0.03	1e-05	1e-05	1e-05	1e-05	1e-05	1e-05	1e-05	1e-05	1e-05	1e-05	1e-05	1e-05	"n"
"9559186"	0.492	0.938	0.562	0.002	1e-05	1e-05	1e-05	1e-05	1e-05	1e-05	1e-05	1e-05	1e-05	1e-05	1e-05	1e-05	"n"
"9559187"	0.466	0.918	0.608	0.004	1e-05	1e-05	1e-05	1e-05	1e-05	1e-05	1e-05	1e-05	1e-05	1e-05	1e-05	1e-05	"n"
"9559190"	0.434	0.84	0.716	0.008	1e-05	1e-05	1e-05	1e-05	1e-05	1e-05	1e-05	1e-05	1e-05	1e-05	1e-05	1e-05	"n"
"9559205"	0.652	1e-05	1e-05	1e-05	1e-05	1e-05	1e-05	1e-05	1e-05	1e-05	1e-05	1e-05	1e-05	1e-05	1e-05	1e-05	"n"
"9559214"	0.643	1e-05	1e-05	1e-05	1e-05	1e-05	1e-05	1e-05	1e-05	1e-05	1e-05	1e-05	1e-05	1e-05	1e-05	1e-05	"n"
"9559215"	0.456	0.894	0.644	0.004	1e-05	1e-05	1e-05	1e-05	1e-05	1e-05	1e-05	1e-05	1e-05	1e-05	1e-05	1e-05	"n"
"9559402"	0.508	0.81	0.636	0.044	1e-05	1e-05	1e-05	1e-05	1e-05	1e-05	1e-05	1e-05	1e-05	1e-05	1e-05	1e-05	"n"
"9559403"	0.744	1e-05	1e-05	1e-05	1e-05	1e-05	1e-05	1e-05	1e-05	1e-05	1e-05	1e-05	1e-05	1e-05	1e-05	1e-05	"n"
"9559404"	0.705	1e-05	1e-05	1e-05	1e-05	1e-05	1e-05	1e-05	1e-05	1e-05	1e-05	1e-05	1e-05	1e-05	1e-05	1e-05	"n"
"9559405"	0.32	0.904	0.766	0.006	1e-05	1e-05	1e-05	1e-05	1e-05	1e-05	1e-05	1e-05	1e-05	1e-05	1e-05	1e-05	"n"
"9559406"	0.522	0.874	0.598	0.004	1e-05	1e-05	1e-05	1e-05	1e-05	1e-05	1e-05	1e-05	1e-05	1e-05	1e-05	1e-05	"n"
"9559407"	0.653	1e-05	1e-05	1e-05	1e-05	1e-05	1e-05	1e-05	1e-05	1e-05	1e-05	1e-05	1e-05	1e-05	1e-05	1e-05	"n"
"9559408"	0.726	1e-05	1e-05	1e-05	1e-05	1e-05	1e-05	1e-05	1e-05	1e-05	1e-05	1e-05	1e-05	1e-05	1e-05	1e-05	"n"
"9559409"	0.72	1e-05	1e-05	1e-05	1e-05	1e-05	1e-05	1e-05	1e-05	1e-05	1e-05	1e-05	1e-05	1e-05	1e-05	1e-05	"n"
"9559410"	0.36	0.906	0.726	0.004	1e-05	1e-05	1e-05	1e-05	1e-05	1e-05	1e-05	1e-05	1e-05	1e-05	1e-05	1e-05	"n"
"9559421"	0.446	0.84	0.702	0.008	1e-05	1e-05	1e-05	1e-05	1e-05	1e-05	1e-05	1e-05	1e-05	1e-05	1e-05	1e-05	"n"
"9559422"	0.49	0.898	0.604	0.004	1e-05	1e-05	1e-05	1e-05	1e-05	1e-05	1e-05	1e-05	1e-05	1e-05	1e-05	1e-05	"n"
"9559424"	0.717	1e-05	1e-05	1e-05	1e-05	1e-05	1e-05	1e-05	1e-05	1e-05	1e-05	1e-05	1e-05	1e-05	1e-05	1e-05	"n"
"9559425"	0.588	0.81	0.558	0.038	1e-05	1e-05	1e-05	1e-05	1e-05	1e-05	1e-05	1e-05	1e-05	1e-05	1e-05	1e-05	"n"
"9559426"	0.562	0.86	0.56	0.016	1e-05	1e-05	1e-05	1e-05	1e-05	1e-05	1e-05	1e-05	1e-05	1e-05	1e-05	1e-05	"n"
"9559436"	0.706	1e-05	1e-05	1e-05	1e-05	1e-05	1e-05	1e-05	1e-05	1e-05	1e-05	1e-05	1e-05	1e-05	1e-05	1e-05	"n"
"9559439"	0.713	1e-05	1e-05	1e-05	1e-05	1e-05	1e-05	1e-05	1e-05	1e-05	1e-05	1e-05	1e-05	1e-05	1e-05	1e-05	"n"
"9559442"	0.658	1e-05	1e-05	1e-05	1e-05	1e-05	1e-05	1e-05	1e-05	1e-05	1e-05	1e-05	1e-05	1e-05	1e-05	1e-05	"n"
"9559445"	0.676	0.896	0.406	0.02	1e-05	1e-05	1e-05	1e-05	1e-05	1e-05	1e-05	1e-05	1e-05	1e-05	1e-05	1e-05	"n"
"9559448"	0.681	1e-05	1e-05	1e-05	1e-05	1e-05	1e-05	1e-05	1e-05	1e-05	1e-05	1e-05	1e-05	1e-05	1e-05	1e-05	"n"
"9559449"	0.68	1e-05	1e-05	1e-05	1e-05	1e-05	1e-05	1e-05	1e-05	1e-05	1e-05	1e-05	1e-05	1e-05	1e-05	1e-05	"n"
"9559494"	0.855	1e-05	1e-05	1e-05	1e-05	1e-05	1e-05	1e-05	1e-05	1e-05	1e-05	1e-05	1e-05	1e-05	1e-05	1e-05	"n"
"9559495"	0.55	1.164	0.278	0.002	1e-05	1e-05	1e-05	1e-05	1e-05	1e-05	1e-05	1e-05	1e-05	1e-05	1e-05	1e-05	"n"
"9559496"	0.91	1e-05	1e-05	1e-05	1e-05	1e-05	1e-05	1e-05	1e-05	1e-05	1e-05	1e-05	1e-05	1e-05	1e-05	1e-05	"n"
"9559497"	0.797	1e-05	1e-05	1e-05	1e-05	1e-05	1e-05	1e-05	1e-05	1e-05	1e-05	1e-05	1e-05	1e-05	1e-05	1e-05	"n"
"9559498"	0.5	1.386	0.11	0.002	1e-05	1e-05	1e-05	1e-05	1e-05	1e-05	1e-05	1e-05	1e-05	1e-05	1e-05	1e-05	"n"
"9559500"	0.62	1e-05	1e-05	1e-05	1e-05	1e-05	1e-05	1e-05	1e-05	1e-05	1e-05	1e-05	1e-05	1e-05	1e-05	1e-05	"n"
"9559501"	0.546	0.91	0.526	0.016	1e-05	1e-05	1e-05	1e-05	1e-05	1e-05	1e-05	1e-05	1e-05	1e-05	1e-05	1e-05	"n"
"9559502"	0.536	0.924	0.526	0.012	1e-05	1e-05	1e-05	1e-05	1e-05	1e-05	1e-05	1e-05	1e-05	1e-05	1e-05	1e-05	"n"
"9559503"	0.717	1e-05	1e-05	1e-05	1e-05	1e-05	1e-05	1e-05	1e-05	1e-05	1e-05	1e-05	1e-05	1e-05	1e-05	1e-05	"n"
"9559515"	0.7	1e-05	1e-05	1e-05	1e-05	1e-05	1e-05	1e-05	1e-05	1e-05	1e-05	1e-05	1e-05	1e-05	1e-05	1e-05	"n"
"9559516"	0.637	1e-05	1e-05	1e-05	1e-05	1e-05	1e-05	1e-05	1e-05	1e-05	1e-05	1e-05	1e-05	1e-05	1e-05	1e-05	"n"
"9559517"	0.625	1e-05	1e-05	1e-05	1e-05	1e-05	1e-05	1e-05	1e-05	1e-05	1e-05	1e-05	1e-05	1e-05	1e-05	1e-05	"n"
"9559518"	0.679	1e-05	1e-05	1e-05	1e-05	1e-05	1e-05	1e-05	1e-05	1e-05	1e-05	1e-05	1e-05	1e-05	1e-05	1e-05	"n"
"9559520"	0.574	0.862	0.538	0.02	1e-05	1e-05	1e-05	1e-05	1e-05	1e-05	1e-05	1e-05	1e-05	1e-05	1e-05	1e-05	"n"
"9559521"	0.706	1e-05	1e-05	1e-05	1e-05	1e-05	1e-05	1e-05	1e-05	1e-05	1e-05	1e-05	1e-05	1e-05	1e-05	1e-05	"n"
"9559522"	0.692	1e-05	1e-05	1e-05	1e-05	1e-05	1e-05	1e-05	1e-05	1e-05	1e-05	1e-05	1e-05	1e-05	1e-05	1e-05	"n"
"9559523"	0.496	0.958	0.54	0.004	1e-05	1e-05	1e-05	1e-05	1e-05	1e-05	1e-05	1e-05	1e-05	1e-05	1e-05	1e-05	"n"
"9559525"	0.686	1e-05	1e-05	1e-05	1e-05	1e-05	1e-05	1e-05	1e-05	1e-05	1e-05	1e-05	1e-05	1e-05	1e-05	1e-05	"n"
"9559526"	0.496	0.902	0.592	0.008	1e-05	1e-05	1e-05	1e-05	1e-05	1e-05	1e-05	1e-05	1e-05	1e-05	1e-05	1e-05	"n"
"9559529"	0.66	0.818	0.494	0.022	1e-05	1e-05	1e-05	1e-05	1e-05	1e-05	1e-05	1e-05	1e-05	1e-05	1e-05	1e-05	"n"
