2.299
2.296
2.295
2.295
2.294
2.292
2.292
2.292
2.29
2.29
2.289
2.289
2.287
2.285
2.283
2.281
2.281
2.276
2.276
2.275
2.274
2.271
2.271
2.269
2.268
2.265
2.264
2.262
2.261
2.261
2.259
2.258
2.258
2.258
2.257
2.257
2.256
2.255
2.254
2.253
2.253
2.25
2.249
2.248
2.248
2.246
2.246
2.245
2.245
2.244
2.244
2.243
2.242
2.242
2.24
2.238
2.237
2.237
2.236
2.236
2.235
2.234
2.231
2.23
2.229
2.228
2.228
2.227
2.227
2.224
2.223
2.222
2.222
2.222
2.222
2.22
2.216
2.215
2.214
2.214
2.213
2.212
2.211
2.211
2.211
2.211
2.21
2.209
2.209
2.208
2.205
2.204
2.203
2.202
2.202
2.202
2.201
2.2
2.2
2.199
2.199
2.198
2.196
2.196
2.196
2.195
2.195
2.194
2.193
2.193
2.192
2.192
2.191
2.191
2.191
2.19
2.19
2.19
2.188
2.187
2.187
2.186
2.185
2.184
2.184
2.183
2.182
2.182
2.18
2.179
2.179
2.178
2.176
2.176
2.175
2.175
2.174
2.173
2.173
2.173
2.172
2.172
2.172
2.171
2.171
2.17
2.17
2.17
2.17
2.169
2.169
2.169
2.168
2.167
2.167
2.167
2.167
2.165
2.165
2.165
2.163
2.162
2.16
2.16
2.157
2.157
2.157
2.157
2.157
2.155
2.155
2.155
2.154
2.154
2.153
2.153
2.151
2.15
2.15
2.15
2.15
2.15
2.15
2.15
2.149
2.149
2.148
2.148
2.148
2.148
2.146
2.144
2.143
2.143
2.143
2.143
2.142
2.142
2.141
2.141
2.137
2.137
2.136
2.134
2.134
2.134
2.134
2.134
2.131
2.13
2.13
2.129
2.129
2.129
2.128
2.128
2.127
2.127
2.127
2.127
2.126
2.123
2.123
2.122
2.122
2.122
2.121
2.12
2.12
2.12
2.12
2.119
2.119
2.119
2.119
2.118
2.118
2.118
2.117
2.117
2.117
2.116
2.115
2.115
2.115
2.113
2.113
2.112
2.112
2.112
2.112
2.111
2.111
2.11
2.11
2.11
2.11
2.11
2.109
2.108
2.108
2.107
2.107
2.105
2.105
2.105
2.105
2.104
2.102
2.101
2.1
2.1
2.099
2.097
2.097
2.096
2.096
2.095
2.095
2.095
2.095
2.095
2.095
2.094
2.094
2.094
2.093
2.093
2.091
2.089
2.089
2.089
2.089
2.088
2.087
2.087
2.087
2.087
2.086
2.086
2.086
2.085
2.085
2.085
2.085
2.084
2.083
2.08
2.079
2.078
2.076
2.075
2.075
2.074
2.073
2.071
2.07
2.069
2.068
2.068
2.067
2.067
2.065
2.065
2.064
2.062
2.061
2.06
2.06
2.06
2.059
2.058
2.057
2.056
2.056
2.055
2.055
2.053
2.053
2.052
2.05
2.05
2.05
2.049
2.048
2.048
2.048
2.047
2.047
2.042
2.042
2.041
2.04
2.038
2.036
2.036
2.036
2.035
2.035
2.034
2.034
2.032
2.031
2.03
2.029
2.029
2.028
2.028
2.027
2.025
2.024
2.024
2.023
2.023
2.02
2.02
2.019
2.017
2.016
2.016
2.015
2.014
2.013
2.013
2.012
2.012
2.011
2.011
2.009
2.008
2.007
2.005
2.005
2.002
2.001
2
2
2
1.999
1.998
1.996
1.995
1.995
1.992
1.991
1.989
1.989
1.989
1.984
1.984
1.983
1.982
1.979
1.975
1.97
1.966
1.966
1.965
1.964
1.964
1.963
1.963
1.963
1.961
1.961
1.96
1.96
1.957
1.956
1.956
1.953
1.95
1.949
1.948
1.945
1.944
1.942
1.941
1.939
1.937
1.933
1.933
1.931
1.929
1.928
1.927
1.927
1.926
1.926
1.924
1.92
1.919
1.918
1.918
1.916
1.916
1.911
1.909
1.907
1.907
1.987
1.981
1.892
1.229
1.889
1.884
1.882
1.88
1.877
1.876
1.876
1.875
1.871
1.868
1.866
1.866
1.864
1.862
1.859
1.858
1.856
1.855
1.854
1.847
1.84
1.836
1.834
1.834
1.834
1.834
1.833
1.832
1.83
1.829
1.828
1.827
1.823
1.814
1.813
1.811
1.806
1.804
1.804
1.8
1.788
1.786
1.782
1.777
1.775
1.771
1.759
1.753
1.752
1.745
1.745
1.739
1.738
1.738
1.736
1.735
1.735
1.726
1.725
1.721
1.721
1.715
1.711
1.789
1.706
1.7
1.697
1.696
1.694
1.693
1.69
1.689
1.688
1.688
1.687
1.687
1.674
1.673
1.669
1.668
1.657
1.654
1.649
1.643
1.641
1.633
1.633
1.627
1.621
1.615
1.615
1.613
1.612
1.607
1.6
1.6
1.599
1.596
1.596
1.588
1.575
1.573
1.573
1.571
1.563
1.554
1.547
1.544
1.544
1.528
1.527
1.522
1.519
1.519
1.518
1.516
1.511
1.503
1.497
1.497
1.496
1.496
1.494
1.487
1.486
1.485
1.484
1.478
1.477
1.477
1.475
1.472
1.469
1.469
1.469
1.46
1.449
1.445
1.44
1.439
1.434
1.433
1.429
1.429
1.429
1.422
1.418
1.417
1.415
1.413
1.408
1.389
1.388
1.386
1.382
1.377
1.375
1.371
1.368
1.346
1.344
1.339
1.337
1.335
1.32
1.319
1.317
1.313
1.31
1.304
1.304
1.301
1.296
1.295
1.292
1.29
1.29
1.286
1.285
1.284
1.282
1.274
1.273
1.27
1.267
1.266
1.26
1.26
1.257
1.257
1.256
1.255
1.254
1.251
